0.011,-0.0236843
0.0271,-0.0140305
0.0448,-0.00375651
0.0458,-0.00318662
0.0625,0.00616395
0.0815,0.0164215
0.0828,0.0171085
0.1088,0.0304561
0.113,0.0325422
0.1314,0.0414533
0.1424,0.0466042
0.1483,0.049313
0.171,0.0593867
0.1828,0.0644068
0.1885,0.066779
0.1961,0.0698893
0.2478,0.0894676
0.2639,0.0950145
0.2773,0.0994364
0.2874,0.102654
0.2942,0.104765
0.3057,0.108236
0.3301,0.115188
0.3414,0.118222
0.3593,0.122791
0.3664,0.124525
0.3874,0.129394
0.3903,0.130037
0.3925,0.13052
0.3949,0.131042
0.4469,0.141176
0.471,0.14514
0.4856,0.147324
0.5162,0.151393
0.5754,0.157405
0.6423,0.161506
0.6496,0.161795
0.7163,0.163113
0.7288,0.163112
0.7302,0.163108
0.7581,0.162827
0.7971,0.161872
0.7976,0.161855
0.8166,0.161165
0.8402,0.160121
0.8486,0.159702
0.89,0.157295
0.8968,0.156848
0.9041,0.156354
0.936,0.15402
0.9517,0.152773
0.9655,0.151628
0.9811,0.150281
1.0207,0.146632
1.0293,0.1458
1.0641,0.142305
1.07,0.141694
1.118,0.136549
1.1232,0.135975
1.1376,0.134371
1.1397,0.134135
1.177,0.129886
1.1941,0.127902
1.2078,0.1263
1.2181,0.125089
1.2183,0.125065
1.239,0.122615
1.2597,0.120149
1.2821,0.117467
1.2857,0.117035
1.2997,0.115353
1.3064,0.114547
1.3068,0.114499
1.3502,0.109275
1.3771,0.106041
1.3961,0.103762
1.3967,0.10369
1.4257,0.100225
1.4275,0.100011
1.4388,0.0986658
1.4454,0.0978819
1.4803,0.0937559
1.4933,0.0922277
1.4994,0.0915124
1.5016,0.0912547
1.5118,0.0900615
1.5511,0.0854925
1.5646,0.0839328
1.5716,0.083126
1.5864,0.081424
1.5869,0.0813666
1.5962,0.0802998
1.6107,0.0786401
1.6204,0.077532
1.641,0.0751835
1.6522,0.0739087
1.6657,0.0723733
1.7167,0.0665726
1.7209,0.0660939
1.7359,0.0643817
1.737,0.0642559
1.7555,0.0621364
1.7756,0.0598209
1.7765,0.0597169
1.7832,0.0589413
1.7945,0.0576283
1.7966,0.0573836
1.8098,0.0558399
1.8345,0.0529217
1.888,0.0464299
1.9061,0.044167
1.9228,0.0420431
1.9427,0.0394624
1.95,0.038501
1.9688,0.0359855
1.977,0.0348696
2.0132,0.029793
2.0261,0.0279196
2.0377,0.0262036
2.041,0.0257098
2.0646,0.0221021
2.0704,0.0211941
2.108,0.015087
2.1511,0.00756869
2.1586,0.00619855
2.1591,0.00610654
2.1603,0.00588533
2.1744,0.00324838
2.1791,0.00235364
2.2025,-0.00222278
2.2218,-0.00615615
2.266,-0.0157443
2.2758,-0.0179858
2.2964,-0.0228417
2.305,-0.0249282
2.3204,-0.0287544
2.3456,-0.0352718
2.3513,-0.0367913
2.3637,-0.0401561
2.3639,-0.040211
2.3779,-0.0441106
2.3884,-0.0471057
2.4173,-0.0556687
2.4612,-0.0696066
2.5002,-0.0829714
2.5019,-0.0835756
2.5095,-0.0862991
2.523,-0.0912277
2.5667,-0.10799
2.5886,-0.116863
2.6026,-0.122701
2.6034,-0.123039
2.6062,-0.124223
2.6373,-0.137735
2.679,-0.156865
2.688,-0.161145
2.7306,-0.182123
2.7519,-0.193049
2.7687,-0.201867
2.7886,-0.212535
2.7916,-0.214164
2.7944,-0.215689
2.8011,-0.219357
2.8085,-0.223439
2.8134,-0.226159
2.8219,-0.230909
2.8312,-0.236152
2.8479,-0.245685
2.8871,-0.268621
2.8923,-0.271719
2.9086,-0.281507
2.9341,-0.297039
2.9398,-0.300545
3.0025,-0.339773
3.0156,-0.348089
3.0246,-0.353818
3.0269,-0.355284
3.0372,-0.361858
3.057,-0.37452
3.0817,-0.390331
3.1059,-0.405794
3.1081,-0.407196
3.1548,-0.436739
3.1626,-0.441616
3.1667,-0.44417
3.1775,-0.450868
3.18,-0.452412
3.1848,-0.455368
3.1975,-0.463139
3.2012,-0.465388
3.2156,-0.47407
3.2277,-0.481272
3.2792,-0.51077
3.2811,-0.511817
3.2845,-0.513683
3.298,-0.520986
3.3021,-0.523169
3.305,-0.524703
3.326,-0.535547
3.3657,-0.554657
3.3811,-0.561524
3.3887,-0.564791
3.4096,-0.573336
3.4322,-0.58181
3.4422,-0.585289
3.4615,-0.591511
3.4707,-0.594239
3.4828,-0.597585
3.5237,-0.606739
3.5281,-0.607516
3.5347,-0.608603
3.5644,-0.61229
3.5677,-0.612574
3.6073,-0.613943
3.6117,-0.613856
3.6133,-0.613812
3.6365,-0.61243
3.6445,-0.611625
3.6549,-0.610324
3.6696,-0.607982
3.6948,-0.602572
3.7191,-0.595644
3.7522,-0.583433
3.7561,-0.58178
3.7598,-0.580169
3.7614,-0.57946
3.7725,-0.574327
3.7899,-0.56553
3.797,-0.561674
3.7993,-0.560393
3.8156,-0.550842
3.8206,-0.547749
3.8423,-0.533429
3.8527,-0.52605
3.8729,-0.510762
3.9053,-0.483614
3.9842,-0.404211
4.0293,-0.3507
4.0768,-0.288403
4.0943,-0.264014
4.1184,-0.229242
4.1201,-0.226739
4.1283,-0.214578
4.1668,-0.155592
4.1772,-0.139159
4.2232,-0.0642289
4.2307,-0.0516987
4.2351,-0.0443114
4.2575,-0.00630908
4.3924,0.231242
4.3992,0.243364
4.4264,0.291739
4.4329,0.303258
4.4479,0.329756
4.4549,0.342073
4.4659,0.361358
4.4936,0.409448
4.5112,0.439583
4.547,0.499628
4.5638,0.527132
4.591,0.570612
4.6013,0.586707
4.6169,0.610668
4.6338,0.636029
4.6707,0.68907
4.6775,0.698472
4.7262,0.762162
4.7426,0.782086
4.8118,0.857003
4.8247,0.869254
4.846,0.888258
4.8655,0.904297
4.8922,0.924116
4.9071,0.934089
4.9117,0.937009
4.9279,0.946697
4.95,0.958409
4.9711,0.967969
5.006,0.98031
5.0169,0.983283
5.0448,0.988996
5.0508,0.989871
5.0567,0.990611
5.0666,0.991584
5.0712,0.991922
5.0761,0.992204
5.0795,0.992351
5.082,0.992435
5.0955,0.992524
5.0958,0.992519
5.121,0.991045
5.1531,0.986199
5.1696,0.982451
5.1774,0.98039
5.1891,0.976956
5.1994,0.973597
5.2141,0.968271
5.2218,0.965236
5.2287,0.962375
5.2396,0.957589
5.25,0.952723
5.2843,0.934678
5.2908,0.930926
5.2978,0.92677
5.3018,0.924343
5.3057,0.921941
5.3086,0.920131
5.3447,0.896018
5.4025,0.851823
5.4255,0.832546
5.4345,0.824767
5.4455,0.815089
5.4464,0.814289
5.503,0.761768
5.5102,0.754804
5.5223,0.742975
5.529,0.736361
5.5528,0.712522
5.5691,0.695918
5.5818,0.682843
5.5896,0.674758
5.6431,0.618418
5.6609,0.599418
5.6981,0.559492
5.7262,0.529261
5.7282,0.52711
5.7444,0.5097
5.7523,0.501223
5.7709,0.481312
5.778,0.473733
5.7831,0.468298
5.7923,0.458513
5.7988,0.451618
5.802,0.448228
5.8145,0.435027
5.8203,0.428924
5.8299,0.418855
5.8347,0.413836
5.8539,0.393879
5.8663,0.381097
5.8766,0.37055
5.877,0.370141
5.8776,0.369529
5.8845,0.362504
5.8898,0.357129
5.9178,0.329054
5.9463,0.301073
5.9576,0.290159
5.9697,0.27859
5.983,0.266019
6.0086,0.24227
6.0142,0.237156
6.0351,0.218334
6.0481,0.206842
6.0602,0.196297
6.1108,0.153841
6.1352,0.134342
6.1487,0.123833
6.1657,0.110887
6.1712,0.106767
6.1851,0.0965066
6.1911,0.0921445
6.1931,0.0906997
6.2092,0.0792325
6.2373,0.0599225
6.2532,0.0493943
6.3014,0.0192409
6.3114,0.0133163
6.321,0.00773565
6.3456,-0.00608985
6.3671,-0.0176159
6.4395,-0.0526724
6.4843,-0.071537
6.4945,-0.0755386
6.504,-0.0791694
6.5189,-0.0846777
6.5882,-0.107409
6.598,-0.110251
6.6214,-0.116677
6.6251,-0.117647
6.6457,-0.122825
6.6744,-0.129416
6.6909,-0.132887
6.6924,-0.133191
6.7,-0.134705
6.7069,-0.136037
6.7076,-0.13617
6.7214,-0.138712
6.7364,-0.141302
6.7934,-0.149577
6.821,-0.152737
6.8911,-0.158481
6.9102,-0.159517
6.9295,-0.16035
6.9486,-0.160969
6.9617,-0.16128
7.0079,-0.161681
7.0173,-0.161637
7.0307,-0.161503
7.0554,-0.161049
7.0658,-0.160781
7.0721,-0.160597
7.0806,-0.160324
7.1512,-0.157022
7.1894,-0.154549
7.2157,-0.152603
7.2159,-0.152588
7.2224,-0.152079
7.2499,-0.14981
7.2631,-0.148659
7.2754,-0.147552
7.3053,-0.144737
7.3393,-0.14134
7.367,-0.138441
7.4363,-0.130776
7.4466,-0.129597
7.4779,-0.125964
7.4872,-0.124872
7.4896,-0.124589
7.522,-0.120748
7.5351,-0.119183
7.5876,-0.112866
7.6309,-0.107634
7.6601,-0.10411
7.6632,-0.103736
7.6822,-0.101449
7.6841,-0.10122
7.7097,-0.0981504
7.7536,-0.0929207
7.7582,-0.0923758
7.7649,-0.0915828
7.7738,-0.0905315
7.7749,-0.0904019
7.7997,-0.0874844
7.8158,-0.0855998
7.8287,-0.0840945
7.8412,-0.0826402
7.8513,-0.0814681
7.8626,-0.0801594
7.866,-0.0797659
7.8829,-0.0778149
7.8949,-0.076433
7.8969,-0.0762027
7.8977,-0.076111
7.9078,-0.0749498
7.9248,-0.0729981
7.9588,-0.0691011
8.0799,-0.0550916
8.0926,-0.0535899
8.1638,-0.0449429
8.1747,-0.0435762
8.1783,-0.0431216
8.2193,-0.0378279
8.2212,-0.0375768
8.2377,-0.0353729
8.2411,-0.0349133
8.2471,-0.0340975
8.2533,-0.033248
8.2741,-0.0303468
8.2833,-0.029037
8.3072,-0.0255528
8.316,-0.0242384
8.3525,-0.0185881
8.3564,-0.0179642
8.3666,-0.0163133
8.3718,-0.0154607
8.3765,-0.0146834
8.4084,-0.00923556
8.4204,-0.00710454
8.4302,-0.00532892
8.4868,0.00558833
8.4954,0.00735289
8.5135,0.011164
8.5322,0.0152453
8.5649,0.0227528
8.5655,0.0228951
8.6274,0.0385176
8.6278,0.0386247
8.6394,0.0417715
8.6559,0.0463719
8.7156,0.064287
8.718,0.0650504
8.7708,0.0827271
8.7899,0.089548
8.8083,0.096339
8.8594,0.116353
8.8742,0.122471
8.8901,0.129207
8.9408,0.151812
8.9555,0.158687
8.9656,0.163493
8.9696,0.165415
8.9697,0.165464
8.9703,0.165753
8.985,0.172914
9.002,0.181371
9.0072,0.183995
9.0084,0.184603
9.0263,0.193783
9.0405,0.201207
9.0541,0.208436
9.0544,0.208597
9.0627,0.213065
9.075,0.219763
9.0993,0.233255
9.1002,0.233761
9.1379,0.255357
9.1686,0.273479
9.1855,0.283642
9.203,0.294294
9.224,0.307233
9.2386,0.316319
9.3379,0.379467
9.3573,0.391933
9.4028,0.421076
9.5391,0.504368
9.5688,0.520969
9.603,0.539054
9.6059,0.540531
9.6487,0.561161
9.68,0.574713
9.6858,0.577066
9.6904,0.578896
9.7325,0.594042
9.7388,0.596047
9.7403,0.596513
9.763,0.603063
9.7766,0.606512
9.7806,0.607456
9.8066,0.612786
9.8431,0.617786
9.8576,0.618922
9.8672,0.619397
9.9388,0.615583
9.9503,0.613702
9.9562,0.612594
9.9564,0.612555
9.9925,0.603619
10.0122,0.597157
10.0129,0.596906
10.0579,0.577724
10.0605,0.576429
10.0639,0.574704
10.0814,0.565267
10.1067,0.549958
10.1265,0.536596
10.1306,0.533677
10.1495,0.519549
10.1712,0.501963
10.1984,0.477872
10.2251,0.452031
10.2283,0.448789
10.2609,0.41404
10.277,0.395734
10.3226,0.339938
10.3235,0.33878
10.3674,0.279737
10.3836,0.256741
10.3927,0.243553
10.422,0.199833
10.4416,0.169576
10.4905,0.0909408
10.52,0.0416229
10.5242,0.0345022
10.5605,-0.0279228
10.5663,-0.0380275
10.5719,-0.0478126
10.5766,-0.0560456
10.604,-0.104379
10.6345,-0.15867
10.6385,-0.165818
10.6546,-0.19461
10.6774,-0.235408
10.6807,-0.241312
10.7201,-0.311532
10.7272,-0.324109
10.7424,-0.350926
10.7645,-0.389588
10.7649,-0.390284
10.7701,-0.399311
10.7898,-0.433246
10.8127,-0.47209
10.8546,-0.541126
10.877,-0.576768
10.8923,-0.600541
10.926,-0.651107
10.9434,-0.676173
10.9501,-0.685624
10.9579,-0.69648
10.9753,-0.720123
10.9798,-0.726104
10.9844,-0.732161
11.0092,-0.763783
11.0406,-0.801224
11.059,-0.821755
11.0939,-0.857714
11.0961,-0.859847
11.1188,-0.880907
11.125,-0.886356
11.1579,-0.913053
11.1695,-0.921568
11.1722,-0.923481
11.1735,-0.924394
11.1813,-0.929743
11.2053,-0.94485
11.2567,-0.970303
11.294,-0.982883
11.2989,-0.98417
11.3276,-0.990017
11.3481,-0.992444
11.3567,-0.993033
11.3622,-0.993279
11.3831,-0.993284
11.3954,-0.992608
11.4352,-0.987067
11.4469,-0.984487
11.4821,-0.974221
11.4973,-0.968663
11.5029,-0.96645
11.5494,-0.944758
11.5864,-0.923527
11.605,-0.911623
11.6148,-0.905037
11.6233,-0.899156
11.6323,-0.892761
11.6522,-0.878033
11.6712,-0.86325
11.7032,-0.836879
11.7181,-0.824017
11.7456,-0.799396
11.7524,-0.793143
11.7964,-0.751281
11.798,-0.749717
11.8055,-0.742351
11.8489,-0.698686
11.8971,-0.64855
11.9043,-0.64095
11.9469,-0.595573
11.988,-0.551406
11.9884,-0.550974
12.0009,-0.537517
12.0047,-0.533427
12.0075,-0.530414
12.0197,-0.517292
12.0323,-0.503758
12.0445,-0.490679
12.0608,-0.473259
12.0978,-0.434026
12.1083,-0.422992
12.1573,-0.37224
12.1708,-0.358504
12.1907,-0.338482
12.2199,-0.309622
12.2359,-0.294092
12.264,-0.267338
12.2818,-0.250752
12.2971,-0.236728
12.3113,-0.223913
12.3437,-0.195416
12.3637,-0.178359
12.4192,-0.13324
12.4328,-0.122695
12.4569,-0.104513
12.4631,-0.0999407
12.4676,-0.0966495
12.47,-0.0949038
12.4751,-0.0912146
12.4922,-0.0790607
12.5184,-0.0610827
12.5268,-0.0554842
12.5277,-0.054889
12.5355,-0.0497716
12.5479,-0.041779
12.5559,-0.0367154
12.59,-0.0159492
12.5922,-0.0146559
12.6296,0.00650562
12.6428,0.0135988
12.6752,0.0301847
12.6845,0.0347318
12.6877,0.0362737
12.71,0.0467114
12.7287,0.0550496
12.7293,0.0553114
12.7744,0.0738677
12.7771,0.0749118
12.7897,0.0796837
12.8023,0.0842931
12.8134,0.0882222
12.8229,0.091486
12.8249,0.0921624
12.9231,0.120656
12.9336,0.12318
12.9385,0.124325
12.9762,0.132444
12.9985,0.136689
13.025,0.141217
13.0598,0.146342
13.0632,0.146795
13.1608,0.156377
13.1699,0.156955
13.189,0.158008
13.2159,0.159133
13.2414,0.159831
13.2772,0.160241
13.2794,0.160245
13.2845,0.160248
13.286,0.160245
13.2935,0.16022
13.295,0.160212
13.3232,0.159868
13.3695,0.158569
13.3821,0.15807
13.3968,0.157413
13.4201,0.156216
13.4524,0.154262
13.4766,0.152591
13.4788,0.152432
13.5161,0.149523
13.5255,0.148735
13.5319,0.148188
13.5568,0.14597
13.5694,0.144799
13.5852,0.143287
13.5896,0.142859
13.5991,0.141921
13.6274,0.139037
13.6274,0.139037
13.6289,0.138881
13.6331,0.138441
13.6544,0.136177
13.6794,0.133444
13.6981,0.131354
13.708,0.130234
13.7107,0.129926
13.7159,0.129334
13.7895,0.120725
13.7961,0.119938
13.8174,0.117387
13.8382,0.114882
13.8457,0.113975
13.8554,0.112803
13.8907,0.108524
13.9057,0.106704
13.916,0.105455
13.9426,0.102232
13.9729,0.0985719
13.9927,0.0961888
14.0015,0.0951321
14.004,0.0948327
14.046,0.0898183
14.0495,0.0894022
14.0565,0.0885714
14.0913,0.0844611
14.0966,0.0838384
14.1269,0.0802889
14.1656,0.0757847
14.1669,0.0756333
14.1982,0.0720094
14.2221,0.0692477
14.2304,0.0682897
14.2637,0.0644412
14.2829,0.0622177
14.2939,0.0609402
14.3192,0.0579891
14.3262,0.0571688
14.3469,0.0547309
14.3664,0.0524147
14.3687,0.05214
14.4124,0.046848
14.4473,0.0425008
14.454,0.041651
14.4565,0.0413327
14.5183,0.0331947
14.5705,0.0258295
14.5824,0.0240745
14.6288,0.0169181
14.6313,0.0165175
14.6688,0.010298
14.6746,0.00929985
14.6962,0.00548981
14.7013,0.00456867
14.725,0.000171911
14.7797,-0.010755
14.7885,-0.0126224
14.8436,-0.0250705
14.8459,-0.0256197
14.8566,-0.0282082
14.8616,-0.0294366
14.8912,-0.0369596
14.897,-0.0384855
14.9206,-0.0448743
15.0069,-0.0708579
15.053,-0.0865441
15.078,-0.0956064
15.1102,-0.107872
15.1168,-0.110469
15.1345,-0.117576
15.1499,-0.12393
15.155,-0.126068
15.1575,-0.127123
15.1601,-0.128224
15.1938,-0.142907
15.2033,-0.147184
15.2226,-0.156057
15.2349,-0.161842
15.2546,-0.171316
15.2656,-0.176717
15.3023,-0.195305
15.3139,-0.201358
15.3157,-0.202305
15.3792,-0.236965
15.4324,-0.26775
15.4377,-0.270896
15.4425,-0.273757
15.468,-0.28913
15.4766,-0.294377
15.4868,-0.300641
15.4884,-0.301627
15.5257,-0.324872
15.5346,-0.330484
15.5406,-0.334279
15.5775,-0.357804
15.5794,-0.359022
15.6051,-0.375546
15.607,-0.376771
15.6171,-0.383281
15.6221,-0.386506
15.6325,-0.393215
15.6404,-0.398309
15.6613,-0.411771
15.6794,-0.423389
15.7061,-0.440409
15.7291,-0.454907
15.7319,-0.45666
15.7345,-0.458284
15.7462,-0.465558
15.7941,-0.494611
15.7952,-0.495263
15.7978,-0.496798
15.8224,-0.511084
15.8262,-0.513248
15.8435,-0.522951
15.855,-0.529251
15.8798,-0.542393
15.8871,-0.546138
15.8996,-0.552408
15.9476,-0.574663
15.9637,-0.581412
16.0031,-0.596212
16.0187,-0.601345
16.0266,-0.603778
16.0696,-0.614917
16.0825,-0.617528
16.0894,-0.618779
16.0904,-0.618952
16.1005,-0.620574
16.136,-0.624436
16.1691,-0.625323
16.1716,-0.625279
16.1828,-0.624884
16.2035,-0.623294
16.2389,-0.617895
16.2392,-0.617835
16.3043,-0.598581
16.3256,-0.589568
16.3304,-0.587347
16.3475,-0.578867
16.3505,-0.577287
16.3573,-0.573604
16.3636,-0.570064
16.3815,-0.559338
16.407,-0.542343
16.4072,-0.542201
16.4177,-0.534608
16.4212,-0.532002
16.4278,-0.526983
16.4373,-0.51952
16.4484,-0.510445
16.45,-0.509105
16.5348,-0.426927
16.5609,-0.397325
16.564,-0.393679
16.5845,-0.368889
16.62,-0.323244
16.6388,-0.297738
16.689,-0.225417
16.6934,-0.218804
16.6965,-0.214117
16.702,-0.205756
16.7109,-0.192091
16.7176,-0.181696
16.7424,-0.142458
16.7581,-0.117033
16.8328,0.00908973
16.842,0.0251031
16.8488,0.0369967
16.8679,0.0706123
16.9416,0.202241
16.9609,0.23689
16.973,0.258588
17.0014,0.309324
17.0133,0.330461
17.0255,0.35203
17.0402,0.377861
17.0497,0.39445
17.1183,0.510976
17.1374,0.542154
17.1459,0.555819
17.2002,0.639642
17.2116,0.656407
17.2197,0.668129
17.2206,0.669422
17.2314,0.68477
17.2441,0.702438
17.2971,0.771395
17.3011,0.77627
17.3375,0.818397
17.3787,0.860992
17.4035,0.883913
17.4139,0.892903
17.4571,0.926219
17.4735,0.937147
17.5072,0.956597
17.5174,0.961684
17.5373,0.970537
17.5454,0.973735
17.5585,0.978413
17.5622,0.979623
17.5871,0.986509
17.5873,0.986555
17.6211,0.992398
17.6362,0.993732
17.6649,0.994134
17.6741,0.99368
17.69,0.992242
17.7199,0.987338
17.7885,0.965772
17.8142,0.954229
17.8182,0.952272
17.8203,0.951228
17.8292,0.946675
17.8381,0.941919
17.8567,0.93134
17.8697,0.923447
17.8703,0.923073
17.8835,0.914637
17.8912,0.909534
17.8955,0.906626
17.8979,0.904986
17.904,0.900761
17.9457,0.869821
17.9485,0.867621
17.9784,0.843252
17.9905,0.832954
17.9929,0.830883
17.9942,0.829758
18.0053,0.820041
18.0115,0.814533
18.0511,0.778078
18.0827,0.74759
18.0911,0.739304
18.0947,0.735732
18.1007,0.729749
18.1105,0.719909
18.1169,0.713437
18.1469,0.682668
18.2295,0.595332
18.2641,0.558138
18.2763,0.544997
18.2806,0.540367
18.2883,0.532074
18.3065,0.512495
18.3203,0.497678
18.3217,0.496178
18.341,0.475529
18.3443,0.472008
18.3542,0.461464
18.3883,0.425429
18.495,0.316725
18.5368,0.276379
18.5754,0.240473
18.6167,0.203622
18.6214,0.199536
18.6246,0.196767
18.689,0.143318
18.6908,0.141888
18.7273,0.113662
18.741,0.10345
18.7553,0.0930159
18.7568,0.0919348
18.7677,0.084157
18.7806,0.0751242
18.7807,0.0750542
18.8073,0.0570329
18.8242,0.0460048
18.8276,0.0438236
18.829,0.0429315
18.8449,0.0329391
18.8466,0.031889
