0.000000,0.000000,-0.000000,0.100000,0.000000,-0.000000,0.100000,0.100000,-0.000000,0.000000,0.100000,-0.000000,0.000000,0.000000,0.100000,0.100000,0.000000,0.100000,0.100000,0.100000,0.100000,0.000000,0.100000,0.100000,
-0.000003,0.000000,-0.000020,0.100003,0.000000,-0.000020,0.100003,0.100000,-0.000033,-0.000003,0.100000,-0.000033,-0.000055,-0.000054,0.099684,0.100055,-0.000054,0.099684,0.100042,0.100043,0.099784,-0.000042,0.100043,0.099784,
-0.000097,-0.000048,0.000024,0.100097,-0.000048,0.000024,0.100008,0.100000,-0.000032,-0.000008,0.100000,-0.000032,-0.000130,-0.000234,0.099271,0.100130,-0.000234,0.099271,0.099950,0.099848,0.099997,0.000050,0.099848,0.099997,
-0.000293,-0.000161,0.000129,0.100293,-0.000161,0.000129,0.100006,0.100000,-0.000027,-0.000006,0.100000,-0.000027,-0.000298,-0.000982,0.098139,0.100298,-0.000982,0.098139,0.099946,0.099300,0.100071,0.000054,0.099300,0.100071,
-0.000428,-0.000336,0.000015,0.100428,-0.000336,0.000015,0.099999,0.100000,-0.000028,0.000001,0.100000,-0.000028,-0.000560,-0.002066,0.096480,0.100560,-0.002066,0.096480,0.099863,0.098278,0.100342,0.000137,0.098278,0.100342,
-0.000653,-0.000600,-0.000023,0.100653,-0.000600,-0.000023,0.099974,0.100016,-0.000027,0.000026,0.100016,-0.000027,-0.000824,-0.003481,0.094415,0.100824,-0.003481,0.094415,0.099745,0.096957,0.100685,0.000255,0.096957,0.100685,
-0.001074,-0.000848,-0.000017,0.101074,-0.000848,-0.000017,0.099828,0.100035,-0.000022,0.000172,0.100035,-0.000022,-0.001202,-0.004844,0.091991,0.101202,-0.004844,0.091991,0.099674,0.095623,0.100999,0.000326,0.095623,0.100999,
-0.001483,-0.001105,-0.000009,0.101483,-0.001105,-0.000009,0.099779,0.100094,-0.000025,0.000221,0.100094,-0.000025,-0.001618,-0.006344,0.089164,0.101618,-0.006344,0.089164,0.099536,0.094206,0.101291,0.000464,0.094206,0.101291,
-0.002115,-0.001228,0.000002,0.102115,-0.001228,0.000002,0.099605,0.100316,-0.000036,0.000395,0.100316,-0.000036,-0.002098,-0.007988,0.085775,0.102098,-0.007988,0.085775,0.099432,0.092466,0.101674,0.000568,0.092466,0.101674,
-0.002433,-0.001454,-0.000011,0.102433,-0.001454,-0.000011,0.099382,0.100739,-0.000004,0.000618,0.100739,-0.000004,-0.002683,-0.009500,0.082006,0.102683,-0.009500,0.082006,0.099297,0.090587,0.102106,0.000703,0.090587,0.102106,
-0.003163,-0.001528,-0.000007,0.103163,-0.001528,-0.000007,0.099301,0.101015,-0.000015,0.000699,0.101015,-0.000015,-0.003220,-0.010888,0.077955,0.103220,-0.010888,0.077955,0.099170,0.088942,0.102237,0.000830,0.088942,0.102237,
-0.003753,-0.001779,-0.000016,0.103753,-0.001779,-0.000016,0.099217,0.101384,-0.000043,0.000783,0.101384,-0.000043,-0.003846,-0.012221,0.073506,0.103846,-0.012221,0.073506,0.098975,0.086916,0.102436,0.001025,0.086916,0.102436,
-0.004266,-0.002072,-0.000014,0.104266,-0.002072,-0.000014,0.098964,0.101912,0.000004,0.001036,0.101912,0.000004,-0.004454,-0.013548,0.068590,0.104454,-0.013548,0.068590,0.098842,0.084607,0.102558,0.001158,0.084607,0.102558,
-0.004965,-0.002347,-0.000018,0.104965,-0.002347,-0.000018,0.098792,0.102332,-0.000044,0.001208,0.102332,-0.000044,-0.005129,-0.014577,0.063468,0.105129,-0.014577,0.063468,0.098684,0.082529,0.102526,0.001316,0.082529,0.102526,
-0.005832,-0.002691,0.000012,0.105832,-0.002691,0.000012,0.098648,0.102791,0.000004,0.001352,0.102791,0.000004,-0.005762,-0.015430,0.058223,0.105762,-0.015430,0.058223,0.098566,0.080465,0.102293,0.001434,0.080465,0.102293,
-0.006274,-0.003065,-0.000027,0.106274,-0.003065,-0.000027,0.098574,0.103366,-0.000008,0.001426,0.103366,-0.000008,-0.006468,-0.016137,0.052494,0.106468,-0.016137,0.052494,0.098453,0.078194,0.102058,0.001547,0.078194,0.102058,
-0.006758,-0.003563,-0.000193,0.106758,-0.003563,-0.000193,0.098233,0.103838,0.000002,0.001767,0.103838,0.000002,-0.007081,-0.016576,0.047212,0.107081,-0.016576,0.047212,0.098380,0.076070,0.101585,0.001620,0.076070,0.101585,
-0.006771,-0.003574,-0.000101,0.106771,-0.003574,-0.000101,0.098183,0.101961,0.000530,0.001817,0.101961,0.000530,-0.005947,-0.018535,0.054059,0.105947,-0.018535,0.054059,0.098719,0.075686,0.102582,0.001281,0.075686,0.102582,
-0.004443,-0.006651,0.002463,0.104443,-0.006651,0.002463,0.099197,0.099087,0.002916,0.000803,0.099087,0.002916,-0.005469,-0.018176,0.064349,0.105469,-0.018176,0.064349,0.098268,0.078365,0.105137,0.001732,0.078365,0.105137,
-0.005576,-0.007200,0.005721,0.105576,-0.007200,0.005721,0.098113,0.096026,0.002736,0.001887,0.096026,0.002736,-0.004478,-0.018638,0.072434,0.104478,-0.018638,0.072434,0.098863,0.079922,0.106479,0.001137,0.079922,0.106479,
-0.003595,-0.010297,0.006647,0.103595,-0.010297,0.006647,0.099319,0.093706,0.003954,0.000681,0.093706,0.003954,-0.004530,-0.017653,0.078374,0.104530,-0.017653,0.078374,0.099125,0.082076,0.105977,0.000875,0.082076,0.105977,
-0.003799,-0.010593,0.007299,0.103799,-0.010593,0.007299,0.098633,0.091542,0.001255,0.001367,0.091542,0.001255,-0.002873,-0.017924,0.083967,0.102873,-0.017924,0.083967,0.098694,0.082749,0.105560,0.001306,0.082749,0.105560,
-0.002358,-0.013274,0.006364,0.102358,-0.013274,0.006364,0.099830,0.089537,0.001128,0.000170,0.089537,0.001128,-0.003402,-0.016490,0.086844,0.103402,-0.016490,0.086844,0.099449,0.084137,0.102844,0.000551,0.084137,0.102844,
-0.002703,-0.013111,0.004843,0.102703,-0.013111,0.004843,0.099579,0.088187,0.001089,0.000421,0.088187,0.001089,-0.001947,-0.016934,0.089817,0.101947,-0.016934,0.089817,0.099402,0.085003,0.102298,0.000598,0.085003,0.102298,
-0.001976,-0.013265,0.003527,0.101976,-0.013265,0.003527,0.098953,0.088550,0.000530,0.001047,0.088550,0.000530,-0.002247,-0.016094,0.091411,0.102247,-0.016094,0.091411,0.099419,0.083782,0.102895,0.000581,0.083782,0.102895,
-0.001063,-0.012420,0.001277,0.101063,-0.012420,0.001277,0.100402,0.088229,0.000070,-0.000402,0.088229,0.000070,-0.000864,-0.017079,0.092208,0.100864,-0.017079,0.092208,0.099597,0.084089,0.101363,0.000403,0.084089,0.101363,
-0.001273,-0.012831,0.000444,0.101273,-0.012831,0.000444,0.099349,0.088459,-0.000219,0.000651,0.088459,-0.000219,-0.001673,-0.016571,0.092294,0.101673,-0.016571,0.092294,0.099953,0.083965,0.100996,0.000047,0.083965,0.100996,
-0.000923,-0.012435,0.000442,0.100923,-0.012435,0.000442,0.100219,0.087743,0.001298,-0.000219,0.087743,0.001298,-0.000238,-0.016244,0.096272,0.100238,-0.016244,0.096272,0.099942,0.084249,0.102192,0.000058,0.084249,0.102192,
-0.000381,-0.013742,0.001416,0.100381,-0.013742,0.001416,0.099886,0.087580,0.002361,0.000114,0.087580,0.002361,-0.000682,-0.015332,0.098634,0.100682,-0.015332,0.098634,0.099732,0.084653,0.102716,0.000268,0.084653,0.102716,
-0.000418,-0.013230,0.001129,0.100418,-0.013230,0.001129,0.099957,0.086182,0.001948,0.000043,0.086182,0.001948,-0.000070,-0.015244,0.100495,0.100070,-0.015244,0.100495,0.100089,0.085311,0.102277,-0.000089,0.085311,0.102277,
0.000186,-0.014333,0.000777,0.099814,-0.014333,0.000777,0.099924,0.086130,0.000814,0.000076,0.086130,0.000814,-0.000494,-0.014495,0.100072,0.100494,-0.014495,0.100072,0.100196,0.085593,0.101108,-0.000196,0.085593,0.101108,
-0.000197,-0.014200,0.000013,0.100197,-0.014200,0.000013,0.099953,0.085481,-0.000073,0.000047,0.085481,-0.000073,0.000335,-0.014461,0.099720,0.099665,-0.014461,0.099720,0.100042,0.086026,0.099193,-0.000042,0.086026,0.099193,
0.000189,-0.014164,-0.000036,0.099811,-0.014164,-0.000036,0.099996,0.085832,-0.000111,0.000004,0.085832,-0.000111,-0.000136,-0.013640,0.100085,0.100136,-0.013640,0.100085,0.099764,0.085333,0.100309,0.000236,0.085333,0.100309,
-0.000276,-0.013923,0.000853,0.100276,-0.013923,0.000853,0.100055,0.086197,0.000874,-0.000055,0.086197,0.000874,0.000255,-0.014606,0.099964,0.099745,-0.014606,0.099964,0.099936,0.085878,0.100470,0.000064,0.085878,0.100470,
0.000136,-0.013825,0.000490,0.099864,-0.013825,0.000490,0.099731,0.086190,0.000324,0.000269,0.086190,0.000324,-0.000544,-0.014347,0.098912,0.100544,-0.014347,0.098912,0.100047,0.085682,0.100657,-0.000047,0.085682,0.100657,
-0.000558,-0.013409,-0.000157,0.100558,-0.013409,-0.000157,0.100093,0.086722,-0.000010,-0.000093,0.086722,-0.000010,-0.000138,-0.014705,0.097141,0.100138,-0.014705,0.097141,0.099869,0.085548,0.099624,0.000131,0.085548,0.099624,
-0.000645,-0.013324,0.000600,0.100645,-0.013324,0.000600,0.099741,0.087587,0.000292,0.000259,0.087587,0.000292,-0.000716,-0.015122,0.095985,0.100716,-0.015122,0.095985,0.099408,0.084978,0.101221,0.000592,0.084978,0.101221,
-0.001147,-0.012472,0.000948,0.101147,-0.012472,0.000948,0.099769,0.087760,0.000454,0.000231,0.087760,0.000454,-0.001051,-0.016091,0.093873,0.101051,-0.016091,0.093873,0.100162,0.084620,0.101219,-0.000162,0.084620,0.101219,
-0.001087,-0.012531,0.000356,0.101087,-0.012531,0.000356,0.099815,0.088865,0.000197,0.000185,0.088865,0.000197,-0.001543,-0.016560,0.090783,0.101543,-0.016560,0.090783,0.099417,0.084113,0.101119,0.000583,0.084113,0.101119,
-0.002211,-0.011235,-0.000061,0.102211,-0.011235,-0.000061,0.099596,0.090127,0.000186,0.000404,0.090127,0.000186,-0.001648,-0.017494,0.087299,0.101648,-0.017494,0.087299,0.099387,0.082751,0.101504,0.000613,0.082751,0.101504,
-0.002100,-0.010466,-0.000074,0.102100,-0.010466,-0.000074,0.099394,0.091115,0.000440,0.000606,0.091115,0.000440,-0.002620,-0.018357,0.083240,0.102620,-0.018357,0.083240,0.099390,0.081588,0.102292,0.000610,0.081588,0.102292,
-0.003006,-0.010069,0.000162,0.103006,-0.010069,0.000162,0.098868,0.092252,0.000169,0.001132,0.092252,0.000169,-0.002667,-0.019139,0.079765,0.102667,-0.019139,0.079765,0.099097,0.080810,0.102408,0.000903,0.080810,0.102408,
-0.003502,-0.010107,0.000138,0.103502,-0.010107,0.000138,0.099247,0.093140,-0.000065,0.000753,0.093140,-0.000065,-0.003673,-0.019518,0.075535,0.103673,-0.019518,0.075535,0.099050,0.079575,0.102178,0.000950,0.079575,0.102178,
-0.003947,-0.008996,0.000026,0.103947,-0.008996,0.000026,0.098777,0.094223,0.000158,0.001223,0.094223,0.000158,-0.004186,-0.020691,0.070730,0.104186,-0.020691,0.070730,0.098943,0.078166,0.102842,0.001057,0.078166,0.102842,
-0.004908,-0.008843,-0.000044,0.104908,-0.008843,-0.000044,0.098702,0.095697,0.000356,0.001298,0.095697,0.000356,-0.004967,-0.020945,0.065188,0.104967,-0.020945,0.065188,0.098799,0.076417,0.102729,0.001201,0.076417,0.102729,
-0.005265,-0.008693,-0.000004,0.105265,-0.008693,-0.000004,0.098683,0.096422,0.000054,0.001317,0.096422,0.000054,-0.005395,-0.021267,0.060542,0.105395,-0.021267,0.060542,0.098527,0.074975,0.102402,0.001473,0.074975,0.102402,
-0.006045,-0.008769,0.000672,0.106045,-0.008769,0.000672,0.098556,0.096978,-0.000004,0.001444,0.096978,-0.000004,-0.006093,-0.021479,0.055368,0.106093,-0.021479,0.055368,0.098396,0.073675,0.102162,0.001604,0.073675,0.102162,
-0.006620,-0.009208,0.000571,0.106620,-0.009208,0.000571,0.098299,0.097709,-0.000087,0.001701,0.097709,-0.000087,-0.006643,-0.021724,0.050143,0.106643,-0.021724,0.050143,0.098345,0.071688,0.101758,0.001655,0.071688,0.101758,
-0.007118,-0.009101,0.000004,0.107118,-0.009101,0.000004,0.098232,0.097941,0.000172,0.001768,0.097941,0.000172,-0.006630,-0.023234,0.049024,0.106630,-0.023234,0.049024,0.098180,0.069410,0.101426,0.001820,0.069410,0.101426,
-0.005690,-0.010615,0.000487,0.105690,-0.010615,0.000487,0.098498,0.093840,0.002116,0.001502,0.093840,0.002116,-0.005351,-0.024568,0.060504,0.105351,-0.024568,0.060504,0.098613,0.071411,0.104627,0.001387,0.071411,0.104627,
-0.005211,-0.013482,0.005246,0.105211,-0.013482,0.005246,0.098593,0.091205,0.003359,0.001407,0.091205,0.003359,-0.005430,-0.024737,0.068630,0.105430,-0.024737,0.068630,0.099134,0.072851,0.106081,0.000866,0.072851,0.106081,
-0.003946,-0.015575,0.006252,0.103946,-0.015575,0.006252,0.099199,0.088292,0.003521,0.000801,0.088292,0.003521,-0.003970,-0.025060,0.077001,0.103970,-0.025060,0.077001,0.098232,0.074352,0.106906,0.001768,0.074352,0.106906,
-0.004254,-0.017589,0.008103,0.104254,-0.017589,0.008103,0.098705,0.085545,0.003079,0.001295,0.085545,0.003079,-0.003958,-0.024716,0.082032,0.103958,-0.024716,0.082032,0.099348,0.075304,0.106114,0.000652,0.075304,0.106114,
-0.002815,-0.019514,0.007029,0.102815,-0.019514,0.007029,0.099467,0.082457,0.002204,0.000533,0.082457,0.002204,-0.003116,-0.024394,0.086549,0.103116,-0.024394,0.086549,0.099141,0.076863,0.104922,0.000859,0.076863,0.104922,
-0.002691,-0.021184,0.006671,0.102691,-0.021184,0.006671,0.099013,0.080877,-0.000442,0.000987,0.080877,-0.000442,-0.002415,-0.024114,0.089540,0.102415,-0.024114,0.089540,0.099323,0.077034,0.102576,0.000677,0.077034,0.102576,
-0.001508,-0.021526,0.005161,0.101508,-0.021526,0.005161,0.100186,0.080014,0.000528,-0.000186,0.080014,0.000528,-0.002127,-0.024107,0.091948,0.102127,-0.024107,0.091948,0.099441,0.076778,0.102736,0.000559,0.076778,0.102736,
-0.002246,-0.021747,0.003428,0.102246,-0.021747,0.003428,0.099027,0.079485,0.000548,0.000973,0.079485,0.000548,-0.001658,-0.024545,0.092919,0.101658,-0.024545,0.092919,0.099725,0.076678,0.101937,0.000275,0.076678,0.101937,
-0.000845,-0.021935,0.000126,0.100845,-0.021935,0.000126,0.100012,0.078966,0.000355,-0.000012,0.078966,0.000355,-0.001188,-0.024411,0.093608,0.101188,-0.024411,0.093608,0.099693,0.076088,0.100962,0.000307,0.076088,0.100962,
-0.001231,-0.021688,-0.000080,0.101231,-0.021688,-0.000080,0.099542,0.079416,0.000641,0.000458,0.079416,0.000641,-0.000959,-0.025602,0.094065,0.100959,-0.025602,0.094065,0.099955,0.075140,0.100942,0.000045,0.075140,0.100942,
-0.000610,-0.021883,0.000379,0.100610,-0.021883,0.000379,0.099896,0.078302,0.002088,0.000104,0.078302,0.002088,-0.000621,-0.025521,0.097401,0.100621,-0.025521,0.097401,0.099747,0.074854,0.103123,0.000253,0.074854,0.103123,
-0.000214,-0.022581,0.001308,0.100214,-0.022581,0.001308,0.100313,0.077944,0.003016,-0.000313,0.077944,0.003016,-0.000227,-0.025553,0.099292,0.100227,-0.025553,0.099292,0.100336,0.074540,0.103426,-0.000336,0.074540,0.103426,
-0.000226,-0.023142,0.000705,0.100226,-0.023142,0.000705,0.099919,0.077143,0.002919,0.000081,0.077143,0.002919,-0.000198,-0.025668,0.100146,0.100198,-0.025668,0.100146,0.099753,0.074749,0.103204,0.000247,0.074749,0.103204,
0.000258,-0.023486,-0.000143,0.099742,-0.023486,-0.000143,0.099902,0.076473,0.001876,0.000098,0.076473,0.001876,-0.000199,-0.025511,0.100001,0.100199,-0.025511,0.100001,0.100232,0.074435,0.101814,-0.000232,0.074435,0.101814,
-0.000597,-0.024537,-0.000135,0.100597,-0.024537,-0.000135,0.100030,0.075350,0.000463,-0.000030,0.075350,0.000463,0.000061,-0.024963,0.099767,0.099939,-0.024963,0.099767,0.099860,0.075004,0.100468,0.000140,0.075004,0.100468,
0.000467,-0.026013,-0.000011,0.099533,-0.026013,-0.000011,0.100148,0.074498,0.000127,-0.000148,0.074498,0.000127,0.000013,-0.024772,0.100322,0.099987,-0.024772,0.100322,0.100170,0.075572,0.099222,-0.000170,0.075572,0.099222,
-0.000594,-0.025369,0.001350,0.100594,-0.025369,0.001350,0.100033,0.074433,0.000126,-0.000033,0.074433,0.000126,-0.000490,-0.025547,0.100034,0.100490,-0.025547,0.100034,0.100135,0.074843,0.100536,-0.000135,0.074843,0.100536,
-0.000190,-0.025735,0.000898,0.100190,-0.025735,0.000898,0.100044,0.075064,0.000704,-0.000044,0.075064,0.000704,-0.000279,-0.025959,0.099269,0.100279,-0.025959,0.099269,0.099904,0.074238,0.100952,0.000096,0.074238,0.100952,
-0.000903,-0.025280,0.000744,0.100903,-0.025280,0.000744,0.099969,0.075220,-0.000193,0.000031,0.075220,-0.000193,-0.000543,-0.026787,0.096805,0.100543,-0.026787,0.096805,0.099774,0.073782,0.100740,0.000226,0.073782,0.100740,
-0.000439,-0.024416,-0.000055,0.100439,-0.024416,-0.000055,0.099884,0.076105,-0.000159,0.000116,0.076105,-0.000159,-0.001098,-0.027721,0.094186,0.101098,-0.027721,0.094186,0.100142,0.072803,0.100895,-0.000142,0.072803,0.100895,
-0.001106,-0.024051,0.000184,0.101106,-0.024051,0.000184,0.099574,0.077375,0.000228,0.000426,0.077375,0.000228,-0.001330,-0.028830,0.091390,0.101330,-0.028830,0.091390,0.099460,0.071936,0.101761,0.000540,0.071936,0.101761,
-0.001824,-0.023572,0.000106,0.101824,-0.023572,0.000106,0.099800,0.077683,0.000087,0.000200,0.077683,0.000087,-0.001626,-0.029310,0.088723,0.101626,-0.029310,0.088723,0.099682,0.071021,0.101546,0.000318,0.071021,0.101546,
-0.001843,-0.023489,0.000094,0.101843,-0.023489,0.000094,0.099657,0.078254,-0.000104,0.000343,0.078254,-0.000104,-0.002345,-0.029784,0.085226,0.102345,-0.029784,0.085226,0.099378,0.070662,0.101465,0.000622,0.070662,0.101465,
-0.002833,-0.023222,0.000974,0.102833,-0.023222,0.000974,0.099366,0.078768,0.000070,0.000634,0.078768,0.000070,-0.002494,-0.031162,0.082516,0.102494,-0.031162,0.082516,0.099157,0.069273,0.102244,0.000843,0.069273,0.102244,
-0.003384,-0.023615,0.001312,0.103384,-0.023615,0.001312,0.099154,0.079063,0.000121,0.000846,0.079063,0.000121,-0.003583,-0.031836,0.078625,0.103583,-0.031836,0.078625,0.099200,0.067603,0.102619,0.000800,0.067603,0.102619,
-0.003859,-0.023692,0.001268,0.103859,-0.023692,0.001268,0.099080,0.079653,0.000016,0.000920,0.079653,0.000016,-0.003679,-0.033640,0.074199,0.103679,-0.033640,0.074199,0.098951,0.066315,0.102495,0.001049,0.066315,0.102495,
-0.004537,-0.023614,0.001134,0.104537,-0.023614,0.001134,0.098832,0.080491,-0.000050,0.001168,0.080491,-0.000050,-0.004848,-0.034404,0.068993,0.104848,-0.034404,0.068993,0.098868,0.063751,0.103035,0.001132,0.063751,0.103035,
-0.005435,-0.023235,0.000369,0.105435,-0.023235,0.000369,0.098722,0.081467,0.000088,0.001278,0.081467,0.000088,-0.005134,-0.035656,0.063266,0.105134,-0.035656,0.063266,0.098750,0.061619,0.102645,0.001250,0.061619,0.102645,
-0.005579,-0.023443,0.000051,0.105579,-0.023443,0.000051,0.098655,0.082594,-0.000066,0.001345,0.082594,-0.000066,-0.006039,-0.036235,0.056632,0.106039,-0.036235,0.056632,0.098471,0.059322,0.102303,0.001529,0.059322,0.102303,
-0.006404,-0.023441,-0.000044,0.106404,-0.023441,-0.000044,0.098382,0.083090,0.000063,0.001618,0.083090,0.000063,-0.006569,-0.036572,0.051868,0.106569,-0.036572,0.051868,0.098658,0.057316,0.102248,0.001342,0.057316,0.102248,
-0.007245,-0.024007,-0.000428,0.107245,-0.024007,-0.000428,0.098336,0.083525,-0.000041,0.001664,0.083525,-0.000041,-0.007082,-0.036896,0.047332,0.107082,-0.036896,0.047332,0.098166,0.056049,0.101405,0.001834,0.056049,0.101405,
-0.007020,-0.024041,0.000217,0.107020,-0.024041,0.000217,0.098085,0.080979,0.000270,0.001915,0.080979,0.000270,-0.005612,-0.038959,0.055816,0.105612,-0.038959,0.055816,0.098862,0.055864,0.102650,0.001138,0.055864,0.102650,
-0.004382,-0.028130,0.002701,0.104382,-0.028130,0.002701,0.099306,0.077750,0.002662,0.000694,0.077750,0.002662,-0.005599,-0.038623,0.065492,0.105599,-0.038623,0.065492,0.098310,0.058182,0.104682,0.001690,0.058182,0.104682,
-0.005281,-0.028747,0.005743,0.105281,-0.028747,0.005743,0.098083,0.074265,0.001697,0.001917,0.074265,0.001697,-0.004142,-0.039928,0.073437,0.104142,-0.039928,0.073437,0.098698,0.059370,0.105933,0.001302,0.059370,0.105933,
-0.003421,-0.032412,0.006560,0.103421,-0.032412,0.006560,0.099448,0.071425,0.002905,0.000552,0.071425,0.002905,-0.004590,-0.038864,0.078922,0.104590,-0.038864,0.078922,0.099437,0.060994,0.104891,0.000563,0.060994,0.104891,
-0.003922,-0.033134,0.006714,0.103922,-0.033134,0.006714,0.098605,0.068776,0.000044,0.001395,0.068776,0.000044,-0.002702,-0.039484,0.084377,0.102702,-0.039484,0.084377,0.098498,0.061530,0.104262,0.001502,0.061530,0.104262,
-0.002184,-0.036194,0.005791,0.102184,-0.036194,0.005791,0.099863,0.066671,-0.000394,0.000137,0.066671,-0.000394,-0.003260,-0.038308,0.087047,0.103260,-0.038308,0.087047,0.099520,0.062407,0.101235,0.000480,0.062407,0.101235,
-0.002280,-0.035066,0.004926,0.102280,-0.035066,0.004926,0.099326,0.065408,-0.000090,0.000674,0.065410,-0.000089,-0.001791,-0.039518,0.090166,0.101791,-0.039518,0.090166,0.099388,0.062138,0.102959,0.000612,0.062138,0.102959,
-0.001498,-0.036181,0.003747,0.101496,-0.036182,0.003747,0.099376,0.066083,0.002477,0.000626,0.066083,0.002477,-0.002088,-0.039622,0.092002,0.102087,-0.039624,0.092003,0.099629,0.060638,0.103617,0.000372,0.060639,0.103618,
-0.001937,-0.035031,0.001832,0.101935,-0.035032,0.001832,0.099884,0.065411,0.002630,0.000118,0.065413,0.002630,-0.000989,-0.040845,0.093286,0.100986,-0.040848,0.093286,0.099276,0.059535,0.103878,0.000726,0.059538,0.103877,
-0.000513,-0.035542,-0.000227,0.100510,-0.035546,-0.000227,0.099508,0.065517,0.002323,0.000494,0.065521,0.002322,-0.001166,-0.041306,0.092922,0.101163,-0.041309,0.092922,0.099964,0.058601,0.103310,0.000038,0.058604,0.103311,
-0.000947,-0.036283,0.000483,0.100943,-0.036287,0.000483,0.099709,0.063594,0.002255,0.000295,0.063598,0.002256,-0.000531,-0.041484,0.095526,0.100527,-0.041488,0.095526,0.099850,0.059371,0.102838,0.000154,0.059375,0.102838,
0.000293,-0.038264,0.001001,0.099702,-0.038269,0.001001,0.100054,0.062211,0.001921,-0.000049,0.062214,0.001922,-0.000438,-0.039956,0.099016,0.100434,-0.039961,0.099015,0.099920,0.059660,0.102165,0.000086,0.059665,0.102165,
-0.000746,-0.039453,0.001560,0.100741,-0.039459,0.001559,0.099804,0.060402,0.000503,0.000201,0.060408,0.000504,0.000087,-0.039431,0.100259,0.099909,-0.039436,0.100258,0.099591,0.060731,0.100766,0.000416,0.060736,0.100767,
0.000403,-0.041017,0.001055,0.099582,-0.041023,0.001053,0.100213,0.059471,0.000167,-0.000210,0.059480,0.000173,-0.000265,-0.038815,0.100893,0.100255,-0.038821,0.100891,0.100492,0.061211,0.099233,-0.000490,0.061216,0.099236,
-0.000218,-0.040356,0.001162,0.100200,-0.040365,0.001161,0.100071,0.059232,0.000034,-0.000074,0.059240,0.000040,0.000010,-0.039805,0.101442,0.099975,-0.039814,0.101439,0.099920,0.060836,0.100321,0.000081,0.060847,0.100319,
-0.000179,-0.040732,0.000613,0.100175,-0.040745,0.000616,0.100049,0.060047,0.000865,-0.000029,0.060045,0.000850,-0.000326,-0.039993,0.100767,0.100308,-0.040009,0.100775,0.100114,0.059747,0.100420,-0.000107,0.059758,0.100410,
0.000021,-0.039931,-0.000138,0.100007,-0.039946,-0.000148,0.100047,0.059836,0.000006,-0.000021,0.059864,0.000010,0.000113,-0.040993,0.099084,0.099868,-0.041002,0.099102,0.099890,0.059324,0.100427,0.000112,0.059333,0.100412,
-0.000230,-0.040240,0.000227,0.100259,-0.040248,0.000191,0.099778,0.060140,0.000140,0.000260,0.060140,0.000126,-0.000301,-0.041131,0.098200,0.100310,-0.041138,0.098199,0.100103,0.058696,0.100596,-0.000072,0.058706,0.100602,
-0.000515,-0.040596,0.000317,0.100556,-0.040584,0.000332,0.100156,0.059751,0.000247,-0.000152,0.059754,0.000258,-0.000430,-0.041982,0.097428,0.100506,-0.041978,0.097408,0.099794,0.058654,0.100180,0.000277,0.058657,0.100196,
-0.000719,-0.040847,0.000264,0.100747,-0.040808,0.000231,0.099838,0.059777,0.000199,0.000169,0.059741,0.000230,-0.000914,-0.042667,0.095711,0.101013,-0.042644,0.095691,0.099907,0.057843,0.100581,0.000135,0.057807,0.100600,
-0.001306,-0.040602,0.000678,0.101402,-0.040601,0.000648,0.099842,0.060440,0.000420,0.000224,0.060415,0.000462,-0.001025,-0.044210,0.093155,0.101132,-0.044188,0.093142,0.099926,0.056602,0.101462,0.000105,0.056573,0.101447,
-0.001369,-0.040282,0.000031,0.101518,-0.040268,0.000063,0.099622,0.061066,0.000093,0.000463,0.061056,0.000076,-0.001506,-0.045458,0.090192,0.101610,-0.045433,0.090213,0.099582,0.055057,0.101881,0.000541,0.055048,0.101914,
-0.001752,-0.040040,-0.000018,0.101857,-0.039875,-0.000044,0.099538,0.061458,0.000040,0.000590,0.061439,0.000041,-0.002169,-0.046764,0.086240,0.102321,-0.046752,0.086201,0.099668,0.053920,0.101212,0.000410,0.053923,0.101176,
-0.002418,-0.039887,0.000167,0.102603,-0.039887,0.000174,0.099439,0.062151,0.000245,0.000658,0.062090,0.000246,-0.002234,-0.047394,0.083419,0.102430,-0.047326,0.083483,0.099204,0.052652,0.102468,0.000857,0.052563,0.102454,
-0.002949,-0.039643,0.000665,0.103253,-0.039588,0.000665,0.099232,0.063094,-0.000048,0.000854,0.063031,-0.000050,-0.002816,-0.048343,0.079407,0.103002,-0.048294,0.079428,0.099244,0.051502,0.102483,0.000822,0.051430,0.102464,
-0.003269,-0.039075,0.000125,0.103598,-0.038848,0.000129,0.099176,0.063864,-0.000135,0.000939,0.063706,-0.000077,-0.003721,-0.049199,0.074804,0.104002,-0.049062,0.074815,0.099125,0.050416,0.102223,0.000947,0.050372,0.102171,
-0.004157,-0.038830,-0.000038,0.104570,-0.038627,-0.000031,0.099047,0.065301,0.000148,0.001137,0.065014,0.000147,-0.003957,-0.050253,0.069786,0.104552,-0.050029,0.069799,0.098796,0.048322,0.102557,0.001324,0.048060,0.102567,
-0.004395,-0.038608,-0.000048,0.105488,-0.038361,-0.000023,0.098802,0.066234,0.000211,0.001374,0.065885,0.000313,-0.004475,-0.050899,0.064485,0.105283,-0.050675,0.064498,0.098852,0.046349,0.102977,0.001397,0.046131,0.102879,
-0.004697,-0.038792,0.000027,0.106396,-0.038295,0.000023,0.098816,0.066691,0.000092,0.001805,0.066430,-0.000022,-0.004914,-0.051519,0.059531,0.106385,-0.050949,0.059604,0.099052,0.045190,0.102521,0.001642,0.044754,0.102554,
-0.004928,-0.039388,0.000201,0.107242,-0.038529,0.000293,0.098894,0.067800,-0.000048,0.001718,0.067091,0.000012,-0.005027,-0.052377,0.054240,0.107614,-0.051423,0.054264,0.098979,0.043580,0.102044,0.002118,0.042854,0.102062,
-0.005566,-0.039576,0.000004,0.108000,-0.038379,0.000117,0.098660,0.068665,0.000000,0.002057,0.067617,-0.000060,-0.005365,-0.052414,0.048507,0.108637,-0.051361,0.048372,0.099025,0.041466,0.101861,0.002314,0.040381,0.101862,
-0.005557,-0.039376,-0.000414,0.108261,-0.038488,-0.000475,0.098373,0.068177,0.000314,0.002029,0.067455,0.000538,-0.004962,-0.054044,0.050491,0.107910,-0.053058,0.050503,0.099383,0.040215,0.101763,0.002056,0.039303,0.101980,
-0.003656,-0.041475,0.000835,0.106343,-0.040408,0.000878,0.099583,0.064129,0.002419,0.001605,0.063429,0.002466,-0.003797,-0.054414,0.062790,0.106621,-0.053426,0.062741,0.098919,0.042703,0.105035,0.002503,0.041873,0.105175,
-0.004317,-0.043324,0.005823,0.107305,-0.042592,0.005874,0.098786,0.061838,0.003341,0.002685,0.060855,0.003143,-0.003733,-0.054432,0.070084,0.106855,-0.053635,0.070136,0.099875,0.044281,0.106298,0.001537,0.043703,0.105966,
-0.001784,-0.045553,0.006288,0.105219,-0.044766,0.006505,0.100485,0.058929,0.003790,0.001344,0.058325,0.003580,-0.002528,-0.054077,0.077550,0.105581,-0.053402,0.077972,0.099352,0.046467,0.106676,0.002112,0.045596,0.106469,
-0.002219,-0.046677,0.007703,0.105815,-0.045925,0.008347,0.099553,0.056770,0.002082,0.002606,0.056186,0.001667,-0.001955,-0.053908,0.082793,0.105103,-0.052986,0.083221,0.099835,0.047015,0.106156,0.001757,0.046365,0.105834,
-0.000850,-0.049092,0.006647,0.104741,-0.048229,0.007054,0.101188,0.054221,0.002396,0.001451,0.053408,0.001819,-0.001768,-0.052904,0.086459,0.104880,-0.052230,0.086859,0.100056,0.049025,0.103897,0.001443,0.048406,0.103325,
-0.000739,-0.049585,0.005435,0.104771,-0.049001,0.006053,0.100436,0.052485,0.000485,0.001888,0.052157,0.000956,-0.000555,-0.052558,0.089508,0.103768,-0.051762,0.090233,0.100053,0.049399,0.102539,0.001594,0.048637,0.102120,
0.000209,-0.049360,0.005009,0.103354,-0.048756,0.005174,0.100800,0.053012,0.000795,0.001872,0.051832,0.000088,-0.000415,-0.052333,0.091574,0.103603,-0.051794,0.091839,0.100311,0.048620,0.103241,0.001589,0.047794,0.103037,
0.000665,-0.049261,0.002643,0.103126,-0.048354,0.002920,0.101102,0.052113,0.000929,0.001298,0.051876,0.000697,0.000442,-0.052941,0.092695,0.102902,-0.052233,0.092766,0.100586,0.048659,0.102203,0.001297,0.048470,0.101539,
0.000417,-0.049124,-0.000138,0.103197,-0.048817,-0.000146,0.100376,0.052045,-0.000140,0.001288,0.051290,-0.000021,0.000226,-0.052293,0.092449,0.102863,-0.051591,0.092942,0.100659,0.048533,0.100432,0.001502,0.047542,0.100851,
0.000604,-0.050201,0.000266,0.102756,-0.048670,0.000079,0.100437,0.051921,0.000106,0.001168,0.050912,0.000146,0.001750,-0.053256,0.094906,0.102389,-0.052686,0.094351,0.100734,0.047886,0.101025,0.001362,0.047210,0.100748,
0.002162,-0.051368,0.000434,0.102606,-0.049869,0.001124,0.100582,0.050184,0.001644,0.000747,0.048616,0.001502,0.001387,-0.053426,0.097771,0.103088,-0.051721,0.097770,0.100832,0.048495,0.101558,0.000846,0.046990,0.101845,
0.002669,-0.052514,0.001170,0.103310,-0.050339,0.001657,0.100537,0.049203,0.001079,0.001263,0.047400,0.000960,0.002496,-0.053849,0.099680,0.102509,-0.051342,0.100465,0.100251,0.048662,0.101787,0.000317,0.046316,0.101502,
0.003691,-0.054472,0.001021,0.103454,-0.051811,0.001501,0.101146,0.049228,0.001267,0.000563,0.045875,-0.000019,0.002743,-0.053396,0.100038,0.102890,-0.051164,0.100553,0.099637,0.048951,0.101030,0.000228,0.046377,0.099655,
0.004147,-0.055135,0.000455,0.104251,-0.051450,0.000854,0.100654,0.047300,0.000286,0.000580,0.044974,-0.000054,0.003029,-0.054307,0.099875,0.102860,-0.050616,0.101169,0.100103,0.049207,0.099508,-0.000305,0.045715,0.099175,
0.004588,-0.055281,0.000139,0.103727,-0.052290,0.001163,0.100707,0.047804,0.000607,0.000808,0.044226,-0.000058,0.004149,-0.055160,0.100727,0.104149,-0.051319,0.100647,0.100000,0.048417,0.100389,0.000424,0.044794,0.100039,
0.004410,-0.056264,0.000894,0.104804,-0.051551,0.000190,0.100857,0.048278,0.000307,0.000924,0.044252,0.000561,0.004787,-0.056028,0.099687,0.104353,-0.052616,0.099851,0.100819,0.047338,0.100357,0.001101,0.043681,0.100149,
0.004644,-0.055682,0.000457,0.105072,-0.052345,-0.000034,0.100651,0.047750,-0.000033,0.000832,0.043694,0.000169,0.005039,-0.056882,0.098557,0.105658,-0.052832,0.098149,0.101285,0.047092,0.099895,0.001457,0.042921,0.100504,
0.004844,-0.056806,0.000700,0.104802,-0.052649,0.000372,0.100668,0.047420,-0.000048,0.001252,0.043320,0.000006,0.005324,-0.057661,0.098665,0.105552,-0.053339,0.097897,0.101069,0.046748,0.099911,0.001255,0.042730,0.100378,
0.004573,-0.057721,0.001147,0.106045,-0.052769,0.001411,0.100737,0.047441,-0.000073,0.001040,0.043062,-0.000092,0.004566,-0.058202,0.096741,0.105898,-0.054091,0.096771,0.100727,0.045950,0.100523,0.001525,0.042006,0.100376,
0.004738,-0.057044,0.000900,0.106342,-0.053130,0.001238,0.100758,0.047424,0.000080,0.001191,0.043112,0.000020,0.004576,-0.059546,0.094734,0.106024,-0.054947,0.095514,0.100505,0.045491,0.101013,0.000953,0.040564,0.100741,
0.004473,-0.057640,0.001099,0.106821,-0.052702,0.001283,0.100248,0.048068,0.000074,0.001225,0.043516,-0.000086,0.003909,-0.061198,0.091910,0.106740,-0.056270,0.092083,0.100032,0.044356,0.101344,0.000985,0.039832,0.100930,
0.003669,-0.057404,0.000377,0.107267,-0.052149,0.000866,0.100274,0.048907,0.000265,0.001145,0.043786,-0.000017,0.004001,-0.062651,0.088897,0.107370,-0.057482,0.089016,0.100461,0.042577,0.101603,0.001245,0.037871,0.101619,
0.003407,-0.057364,0.000098,0.107990,-0.052188,0.000016,0.100076,0.049310,0.000163,0.001376,0.044647,0.000026,0.003954,-0.064205,0.084680,0.108448,-0.059135,0.084738,0.100221,0.041156,0.101977,0.001935,0.035972,0.101974,
0.002950,-0.057408,0.000437,0.108139,-0.051969,-0.000008,0.099859,0.050255,0.000313,0.001408,0.044980,-0.000033,0.003692,-0.066057,0.080932,0.109316,-0.060699,0.080397,0.100884,0.039052,0.102149,0.002094,0.034407,0.102175,
0.001865,-0.057050,0.000391,0.108497,-0.052255,-0.000010,0.099441,0.050184,0.000268,0.001116,0.045697,0.000380,0.002405,-0.067011,0.076971,0.109385,-0.061792,0.076479,0.100386,0.037391,0.102335,0.002355,0.032461,0.103172,
0.000425,-0.057136,0.000285,0.108586,-0.052222,0.000057,0.098940,0.050889,-0.000017,0.001289,0.046612,0.000239,0.001383,-0.067923,0.072314,0.109071,-0.063301,0.072007,0.099808,0.035121,0.102798,0.002139,0.031102,0.102820,
-0.000277,-0.056791,-0.000037,0.108833,-0.052568,0.000032,0.099053,0.051527,-0.000088,0.001270,0.047617,0.000071,-0.000254,-0.068409,0.066546,0.109257,-0.064340,0.066844,0.099454,0.033309,0.102725,0.001746,0.029479,0.102387,
-0.000952,-0.056602,-0.000015,0.109506,-0.052285,0.000112,0.098708,0.052106,-0.000068,0.001569,0.048605,0.000127,-0.000994,-0.069278,0.061561,0.109780,-0.064952,0.062008,0.099332,0.031567,0.102748,0.001935,0.027766,0.102580,
-0.001594,-0.056986,0.000323,0.110189,-0.052602,0.000237,0.098680,0.053224,0.000378,0.001495,0.049140,-0.000018,-0.001168,-0.069829,0.056715,0.110814,-0.065284,0.056515,0.099412,0.029654,0.102604,0.002555,0.026043,0.102438,
-0.002527,-0.057437,-0.000006,0.110778,-0.052591,0.000007,0.098297,0.053472,0.000102,0.001595,0.049588,-0.000093,-0.001493,-0.070202,0.051045,0.111674,-0.065497,0.050780,0.099682,0.027961,0.101675,0.002851,0.023778,0.101945,
-0.002539,-0.057374,-0.000389,0.110929,-0.053158,-0.000316,0.098160,0.054234,0.000325,0.001596,0.050278,0.000115,-0.002256,-0.070817,0.047194,0.111731,-0.066535,0.047124,0.099505,0.025539,0.101337,0.002887,0.021614,0.101570,
-0.002228,-0.057853,0.000207,0.110589,-0.053520,-0.000005,0.098925,0.050366,0.001584,0.002294,0.046911,0.001588,-0.000770,-0.072732,0.058380,0.109731,-0.068691,0.058600,0.099555,0.026215,0.104365,0.002326,0.023035,0.103913,
-0.000256,-0.061143,0.004302,0.109211,-0.057870,0.004907,0.099658,0.048021,0.004123,0.001948,0.044472,0.003379,-0.001346,-0.072246,0.066558,0.110460,-0.068405,0.066987,0.099864,0.028233,0.106131,0.002296,0.024880,0.105692,
0.000148,-0.062123,0.005741,0.109265,-0.058201,0.006601,0.100111,0.044296,0.003570,0.002415,0.041517,0.003080,0.000747,-0.073043,0.075157,0.108236,-0.069602,0.076099,0.099501,0.029689,0.107624,0.002690,0.026367,0.107007,
0.000854,-0.065048,0.007309,0.108731,-0.061750,0.008364,0.100507,0.042148,0.004592,0.002872,0.038827,0.003534,0.000065,-0.071914,0.080116,0.109134,-0.068367,0.081037,0.100467,0.030839,0.107026,0.001638,0.027793,0.106065,
0.001732,-0.065868,0.006860,0.108713,-0.062447,0.007828,0.101228,0.039201,0.002895,0.002829,0.035967,0.001942,0.001614,-0.072263,0.085348,0.107074,-0.069157,0.086400,0.099866,0.032148,0.106133,0.002260,0.029180,0.105082,
0.003083,-0.068035,0.006112,0.107504,-0.065113,0.007541,0.101286,0.037391,0.001078,0.003200,0.034642,-0.000117,0.001365,-0.071301,0.088032,0.107482,-0.067776,0.089542,0.100558,0.032434,0.104030,0.001785,0.029301,0.102831,
0.002587,-0.068615,0.004811,0.107210,-0.065075,0.005818,0.101377,0.035565,0.000794,0.001311,0.033158,0.000526,0.002531,-0.071767,0.090669,0.106335,-0.068455,0.091331,0.100908,0.033460,0.102113,0.001914,0.030170,0.102239,
0.002054,-0.069223,0.003552,0.105575,-0.065715,0.002453,0.100283,0.036191,0.000144,0.001459,0.032258,0.000774,0.002777,-0.071018,0.093041,0.106719,-0.067598,0.091994,0.100865,0.032497,0.101770,0.001708,0.029533,0.102197,
0.002109,-0.067898,0.001900,0.105042,-0.064721,0.000166,0.100079,0.036051,0.000198,0.000709,0.032658,0.000450,0.003931,-0.071816,0.093653,0.105899,-0.068663,0.092246,0.101108,0.032385,0.100911,0.001928,0.028925,0.101799,
0.002748,-0.067786,0.000671,0.104647,-0.064932,0.000101,0.100224,0.035937,0.000071,0.000873,0.033136,0.000695,0.003038,-0.072180,0.093449,0.105371,-0.068845,0.093607,0.101293,0.031395,0.101295,0.001667,0.028197,0.101971,
0.003042,-0.068029,0.000861,0.104938,-0.065454,0.000588,0.101449,0.035208,0.001858,0.001385,0.032095,0.001269,0.002933,-0.071318,0.096537,0.103695,-0.069001,0.096820,0.100365,0.031487,0.102770,0.000455,0.028936,0.101776,
0.003700,-0.069141,0.000444,0.103643,-0.066448,0.002299,0.101530,0.033931,0.002889,0.001695,0.031566,0.001224,0.002286,-0.070591,0.098924,0.103208,-0.067992,0.100108,0.100133,0.031970,0.103133,0.000359,0.029912,0.101773,
0.003559,-0.069240,0.000336,0.104427,-0.066961,0.002921,0.101490,0.032359,0.002174,0.001803,0.030955,0.000447,0.001677,-0.069852,0.099690,0.101967,-0.067724,0.102101,0.100039,0.032726,0.102357,0.000047,0.030298,0.100828,
0.003962,-0.069826,0.000255,0.103750,-0.068573,0.001861,0.102270,0.032390,0.001468,0.002036,0.030303,-0.000211,0.001258,-0.068826,0.099683,0.101589,-0.067194,0.101897,0.099538,0.032803,0.101623,-0.000664,0.031199,0.098640,
0.003348,-0.069877,0.000293,0.103731,-0.068077,0.001895,0.101985,0.031618,0.000307,0.001950,0.030268,0.000019,0.001886,-0.069249,0.100266,0.101561,-0.067485,0.102209,0.100461,0.032727,0.100872,0.000473,0.031050,0.099983,
0.003098,-0.069680,0.000800,0.102811,-0.068706,0.001164,0.101874,0.031662,0.000610,0.001652,0.030240,0.000231,0.002661,-0.069277,0.100913,0.103465,-0.068022,0.100768,0.101995,0.032057,0.100437,0.001448,0.030875,0.100250,
0.002394,-0.069827,0.000987,0.102994,-0.068395,0.000195,0.102147,0.031274,-0.000099,0.001947,0.030711,-0.000152,0.003846,-0.069579,0.100249,0.103828,-0.068899,0.099085,0.102639,0.031704,0.099663,0.002923,0.030758,0.100247,
0.003159,-0.068867,0.000384,0.103314,-0.069119,-0.000036,0.102210,0.031992,0.000059,0.002490,0.031159,0.000781,0.003432,-0.069712,0.098831,0.104017,-0.068938,0.098552,0.103540,0.030715,0.100064,0.003535,0.030167,0.101377,
0.002444,-0.068393,0.001050,0.104196,-0.068068,0.000006,0.103371,0.031757,0.000051,0.003604,0.031707,0.000714,0.002998,-0.070550,0.097225,0.104141,-0.070708,0.096521,0.103120,0.030045,0.100961,0.003351,0.030044,0.100817,
0.002816,-0.068428,0.000222,0.104063,-0.068893,0.000614,0.103401,0.032328,-0.000034,0.003794,0.032682,0.000379,0.002303,-0.070878,0.094593,0.104147,-0.071012,0.095238,0.103520,0.029325,0.100723,0.003899,0.029582,0.100604,
0.001805,-0.067840,0.000282,0.104454,-0.067921,0.000576,0.103547,0.032425,-0.000073,0.004000,0.032752,0.000242,0.002255,-0.071118,0.093043,0.104202,-0.071922,0.092725,0.103373,0.028686,0.101191,0.004153,0.029150,0.101289,
0.001570,-0.067174,0.001115,0.104358,-0.068096,0.000364,0.103293,0.033403,0.000313,0.004425,0.034110,0.000128,0.001703,-0.072392,0.090038,0.105065,-0.072760,0.089750,0.103585,0.027453,0.101628,0.004302,0.028336,0.101862,
0.001235,-0.066417,0.000309,0.105342,-0.067500,0.000011,0.103401,0.034173,0.000127,0.004175,0.034919,0.000013,0.001124,-0.073027,0.086488,0.105168,-0.074294,0.085980,0.103594,0.026630,0.101388,0.004835,0.027388,0.101776,
0.000775,-0.066349,0.000126,0.105806,-0.066972,-0.000014,0.103594,0.035406,-0.000093,0.004512,0.035946,-0.000015,0.000479,-0.073972,0.082109,0.106035,-0.074688,0.082410,0.103480,0.025102,0.102185,0.004692,0.026121,0.101820,
0.000563,-0.065587,0.000057,0.106856,-0.066136,0.000298,0.103023,0.036356,0.000293,0.004690,0.036689,0.000026,0.000364,-0.075341,0.078443,0.106363,-0.075822,0.078469,0.102688,0.024542,0.102710,0.004357,0.024567,0.102702,
0.000348,-0.066152,-0.000034,0.107767,-0.065543,0.000006,0.102537,0.037615,-0.000066,0.004642,0.037415,-0.000152,-0.000359,-0.076167,0.073513,0.107715,-0.075588,0.074168,0.102445,0.023028,0.102634,0.004254,0.023021,0.102268,
-0.000040,-0.065757,0.000002,0.108935,-0.065103,0.000309,0.102523,0.038849,-0.000011,0.004504,0.038085,0.000083,0.000064,-0.077289,0.069387,0.108595,-0.076481,0.069263,0.102152,0.022200,0.102536,0.004563,0.021032,0.102427,
-0.000078,-0.065996,0.000241,0.109725,-0.064308,0.000171,0.102040,0.040233,-0.000052,0.004832,0.038787,0.000050,-0.000075,-0.078117,0.063774,0.110239,-0.076528,0.064121,0.102571,0.020366,0.102902,0.005231,0.019209,0.102892,
-0.000484,-0.065770,0.000118,0.110499,-0.064200,-0.000117,0.102057,0.041143,-0.000118,0.004675,0.039635,-0.000074,-0.000133,-0.078765,0.058812,0.111276,-0.076938,0.058103,0.102670,0.018981,0.102164,0.005128,0.017218,0.102487,
-0.001607,-0.066004,0.000285,0.110923,-0.064413,0.000100,0.101780,0.042110,0.000004,0.004757,0.040497,0.000144,-0.001443,-0.078925,0.053269,0.111276,-0.077245,0.053328,0.102104,0.017113,0.102024,0.005616,0.015712,0.102444,
-0.002654,-0.065730,-0.000120,0.111368,-0.064416,0.000130,0.101658,0.042668,0.000188,0.005004,0.041703,0.000195,-0.002530,-0.078618,0.047755,0.111430,-0.077492,0.047689,0.101761,0.014987,0.101982,0.004932,0.014204,0.101467,
-0.002635,-0.065875,-0.000210,0.111313,-0.064194,-0.000238,0.101287,0.041471,0.000521,0.005153,0.040818,0.000421,-0.001942,-0.080179,0.052179,0.110525,-0.079257,0.052722,0.101844,0.014680,0.102306,0.004448,0.013686,0.101886,
-0.000373,-0.068383,0.001886,0.108385,-0.067378,0.001682,0.101897,0.038177,0.002666,0.003611,0.036690,0.002250,-0.000890,-0.080538,0.064423,0.109640,-0.078929,0.064165,0.101229,0.017429,0.104920,0.004920,0.016270,0.105135,
-0.001832,-0.070247,0.006911,0.109706,-0.068464,0.006170,0.100386,0.034870,0.002041,0.004160,0.033540,0.003027,-0.000682,-0.080959,0.072275,0.108980,-0.079366,0.071619,0.102101,0.019148,0.105885,0.003975,0.017838,0.106287,
-0.000061,-0.073287,0.007508,0.106830,-0.071785,0.006667,0.101236,0.032138,0.003063,0.002442,0.030506,0.003868,0.000126,-0.080265,0.079644,0.108611,-0.078516,0.078774,0.101975,0.021561,0.105315,0.004167,0.019695,0.106420,
-0.000723,-0.074447,0.009417,0.107259,-0.072336,0.007903,0.099836,0.029557,0.000277,0.002935,0.028095,0.001568,0.001276,-0.080321,0.085489,0.107591,-0.078753,0.083920,0.101631,0.021942,0.104774,0.004190,0.020597,0.105868,
0.000659,-0.077113,0.008747,0.105384,-0.075469,0.006920,0.101130,0.027245,0.000210,0.001133,0.025334,0.001807,0.001025,-0.079291,0.088979,0.107697,-0.077245,0.087242,0.102398,0.023753,0.101568,0.003367,0.021952,0.103479,
0.000484,-0.077302,0.007595,0.105761,-0.075605,0.005859,0.100845,0.025717,-0.000360,0.001968,0.023545,0.001091,0.002399,-0.079241,0.092391,0.106225,-0.077729,0.090712,0.101767,0.024171,0.101986,0.003410,0.022520,0.102661,
0.001566,-0.077732,0.006644,0.105048,-0.075743,0.006173,0.100966,0.026112,0.001302,0.002294,0.024275,0.001655,0.001612,-0.079224,0.093873,0.105975,-0.077467,0.093593,0.101781,0.022644,0.103395,0.002675,0.020960,0.103971,
0.002318,-0.076744,0.004102,0.104988,-0.075130,0.004879,0.101862,0.025088,0.002444,0.001749,0.024079,0.002065,0.002399,-0.080479,0.095132,0.104499,-0.078572,0.095400,0.101075,0.022603,0.103564,0.002161,0.020913,0.103595,
0.002899,-0.077211,0.001728,0.104763,-0.075444,0.002234,0.101317,0.025697,0.002450,0.003101,0.023697,0.001283,0.001484,-0.080047,0.094758,0.104273,-0.078430,0.095717,0.101100,0.021559,0.103660,0.001330,0.020066,0.102406,
0.003214,-0.076776,0.000226,0.104961,-0.075010,-0.000175,0.102669,0.025255,0.001394,0.002600,0.023775,0.000450,0.002255,-0.080765,0.093871,0.102944,-0.079285,0.095474,0.100571,0.021546,0.102062,0.001125,0.019744,0.100316,
0.003147,-0.077651,0.000299,0.104355,-0.076194,0.000303,0.101894,0.024355,0.000743,0.002761,0.023240,0.000773,0.002668,-0.079525,0.097111,0.104057,-0.077863,0.097701,0.101476,0.021751,0.101650,0.001824,0.020490,0.100853,
0.002696,-0.077711,0.002140,0.102884,-0.076697,0.000791,0.101946,0.023279,0.000472,0.001165,0.021898,0.001387,0.003959,-0.078732,0.100491,0.104159,-0.077643,0.099098,0.103174,0.023154,0.099947,0.003033,0.021864,0.101821,
0.002278,-0.078482,0.002893,0.101762,-0.077534,-0.000047,0.101731,0.022662,-0.000016,0.002014,0.021784,0.001387,0.004872,-0.077071,0.102725,0.105054,-0.076557,0.099802,0.104064,0.023223,0.099962,0.004041,0.022703,0.101820,
0.002055,-0.078062,0.003042,0.103180,-0.077626,0.000750,0.102169,0.022804,-0.000241,0.001970,0.021930,0.002338,0.005010,-0.076888,0.102942,0.104817,-0.076635,0.100492,0.104579,0.023523,0.099134,0.004720,0.023199,0.101800,
0.003672,-0.077271,0.002468,0.102756,-0.076840,0.000378,0.102410,0.023046,-0.000007,0.002686,0.022665,0.001857,0.004786,-0.076894,0.102514,0.105087,-0.076410,0.100750,0.104437,0.023389,0.100435,0.004409,0.023028,0.102228,
0.003308,-0.076666,0.001506,0.103498,-0.076099,0.000278,0.103083,0.023771,0.000047,0.002829,0.023106,0.001143,0.004957,-0.077457,0.100803,0.104802,-0.076725,0.099380,0.104190,0.023734,0.100114,0.003988,0.022878,0.101343,
0.003614,-0.076906,0.000071,0.104467,-0.076253,0.000075,0.103226,0.024671,-0.000120,0.003364,0.023812,0.000253,0.003784,-0.077024,0.098575,0.104632,-0.076374,0.098444,0.103621,0.023622,0.099927,0.003750,0.022920,0.100241,
0.004114,-0.076298,-0.000005,0.104413,-0.075041,0.000399,0.103346,0.024458,0.000145,0.003395,0.024061,0.000003,0.003359,-0.077454,0.097596,0.104093,-0.076777,0.098006,0.102872,0.023705,0.100563,0.002911,0.023303,0.099812,
0.003102,-0.075940,0.001178,0.104693,-0.075196,0.001886,0.102840,0.025552,0.000689,0.003621,0.024483,0.000412,0.003067,-0.077591,0.096643,0.104764,-0.076542,0.096970,0.102766,0.023827,0.101406,0.003066,0.022612,0.101380,
0.002976,-0.075843,0.001882,0.105127,-0.074653,0.001519,0.102830,0.026151,0.000237,0.002880,0.025123,0.000614,0.003135,-0.077836,0.095140,0.104566,-0.076826,0.095246,0.102529,0.023642,0.101404,0.003287,0.022666,0.101224,
0.002552,-0.075225,0.001768,0.105179,-0.074471,0.001539,0.102621,0.026542,-0.000128,0.003176,0.025548,0.000275,0.002517,-0.078263,0.092510,0.105763,-0.077180,0.092076,0.102580,0.023541,0.100816,0.003317,0.022464,0.100997,
0.001947,-0.074605,0.001887,0.105391,-0.073497,0.001710,0.102603,0.027540,0.000048,0.003319,0.026916,0.000580,0.002299,-0.079448,0.089384,0.105832,-0.078452,0.089337,0.102911,0.022240,0.101456,0.003796,0.021411,0.101974,
0.001239,-0.073619,0.001717,0.106036,-0.073078,0.001382,0.102137,0.028919,0.000229,0.003633,0.028317,0.000316,0.001750,-0.079932,0.085765,0.106314,-0.079643,0.085048,0.102690,0.020542,0.102572,0.004411,0.020068,0.102818,
0.000552,-0.072701,0.001043,0.106374,-0.072413,0.000044,0.102578,0.029684,-0.000137,0.003969,0.029555,0.000256,0.001060,-0.081128,0.080870,0.106704,-0.080522,0.080543,0.102925,0.019470,0.101808,0.004289,0.019055,0.102250,
-0.000112,-0.071698,-0.000011,0.106753,-0.072390,0.000102,0.102608,0.030524,0.000003,0.004335,0.031081,0.000652,-0.000484,-0.081845,0.075895,0.106924,-0.082201,0.075570,0.102607,0.017449,0.102353,0.004521,0.017650,0.102695,
-0.000979,-0.071390,0.000044,0.107024,-0.071981,0.000048,0.102684,0.031453,0.000831,0.004819,0.032414,0.000507,-0.001514,-0.082657,0.070655,0.106789,-0.083818,0.071043,0.102644,0.014611,0.103125,0.004717,0.015809,0.102873,
-0.001817,-0.070976,-0.000010,0.107779,-0.072412,0.000148,0.102814,0.032111,0.000635,0.005283,0.033352,0.000435,-0.002025,-0.083283,0.066043,0.107344,-0.084515,0.066144,0.102126,0.012772,0.103609,0.004795,0.013708,0.103199,
-0.002080,-0.071528,-0.000010,0.108796,-0.072178,0.000402,0.103211,0.032940,0.000483,0.005780,0.033540,-0.000010,-0.002518,-0.084091,0.060504,0.108426,-0.085082,0.061048,0.102585,0.011573,0.102680,0.005184,0.012540,0.102457,
-0.002149,-0.071712,0.000059,0.109732,-0.072608,0.000157,0.103257,0.033223,0.000162,0.005814,0.034383,-0.000013,-0.002471,-0.084503,0.055543,0.110096,-0.085241,0.055581,0.102702,0.010048,0.102164,0.005622,0.010961,0.101758,
-0.002685,-0.071867,0.000309,0.111027,-0.072332,0.000001,0.102789,0.034712,0.000436,0.006067,0.034771,0.000034,-0.002660,-0.084721,0.050067,0.110598,-0.085515,0.050030,0.102974,0.008214,0.101868,0.006416,0.008350,0.102329,
-0.002679,-0.071945,-0.000100,0.111103,-0.072001,-0.000284,0.102701,0.035436,0.000118,0.006269,0.035431,0.000735,-0.002310,-0.086092,0.048253,0.111365,-0.085725,0.047851,0.103002,0.006206,0.101527,0.006163,0.006457,0.101492,
-0.001412,-0.072941,0.000221,0.110561,-0.072379,0.000128,0.102576,0.031677,0.002420,0.005557,0.031285,0.002129,-0.000940,-0.087174,0.060294,0.109417,-0.087163,0.060261,0.102695,0.008721,0.104727,0.005742,0.008348,0.105046,
-0.000580,-0.076105,0.005198,0.109857,-0.075636,0.005723,0.102327,0.029757,0.004199,0.005323,0.029296,0.003965,-0.000923,-0.087370,0.067667,0.110509,-0.086265,0.068439,0.102630,0.010875,0.106636,0.004481,0.010186,0.105984,
0.001121,-0.077681,0.006037,0.109055,-0.075830,0.006929,0.103112,0.027300,0.004244,0.004545,0.025828,0.003337,0.000686,-0.087679,0.076738,0.108273,-0.086630,0.077338,0.101476,0.012894,0.107930,0.004840,0.011432,0.107275,
0.001192,-0.080012,0.007926,0.109394,-0.078393,0.009183,0.102269,0.025281,0.004437,0.004939,0.023476,0.003478,0.000499,-0.087401,0.081178,0.108997,-0.085083,0.082518,0.102007,0.014275,0.107406,0.003342,0.012874,0.106160,
0.002591,-0.081579,0.006855,0.108967,-0.079262,0.008138,0.102881,0.022369,0.003747,0.004175,0.020510,0.002354,0.001763,-0.086939,0.086178,0.107550,-0.084963,0.087505,0.101179,0.016580,0.106207,0.003109,0.014127,0.105108,
0.003410,-0.083407,0.006301,0.108329,-0.080711,0.008103,0.102081,0.021391,0.001154,0.004282,0.018700,-0.000398,0.002057,-0.086481,0.088888,0.107388,-0.083622,0.090796,0.101327,0.016710,0.104559,0.002720,0.014510,0.102770,
0.003759,-0.084496,0.005130,0.107446,-0.081192,0.006391,0.102444,0.019789,0.000242,0.002079,0.017591,-0.000043,0.002921,-0.086710,0.091333,0.106919,-0.083265,0.092178,0.101271,0.018302,0.101623,0.002403,0.014665,0.101673,
0.003142,-0.084323,0.003764,0.106315,-0.080994,0.002725,0.101275,0.020306,0.000364,0.002146,0.016507,0.000047,0.003991,-0.086214,0.093723,0.107187,-0.082535,0.092899,0.101679,0.017806,0.101317,0.002510,0.014679,0.101910,
0.003441,-0.083671,0.002468,0.106341,-0.079920,0.000812,0.101027,0.021031,0.000737,0.001606,0.017682,0.001804,0.004976,-0.086594,0.094629,0.107302,-0.083648,0.092912,0.102447,0.017036,0.101696,0.003032,0.014030,0.102419,
0.004492,-0.082013,-0.000156,0.105927,-0.079222,0.000067,0.101126,0.021588,0.000291,0.001816,0.018111,0.002475,0.005545,-0.087740,0.094364,0.107335,-0.083915,0.093742,0.103200,0.016657,0.101489,0.003730,0.012523,0.103646,
0.004390,-0.082453,0.000349,0.106066,-0.078943,-0.000056,0.102117,0.021215,0.001747,0.002261,0.018293,0.002688,0.005813,-0.087067,0.096568,0.107028,-0.083469,0.095288,0.102932,0.016319,0.102416,0.002969,0.013198,0.103245,
0.006102,-0.083194,0.000763,0.105979,-0.079611,0.000983,0.102595,0.020702,0.003438,0.002665,0.017035,0.002538,0.005524,-0.085585,0.099166,0.105752,-0.082780,0.099515,0.102398,0.017591,0.103404,0.002784,0.014725,0.102962,
0.006327,-0.083023,0.000887,0.107146,-0.080408,0.002553,0.103073,0.019455,0.002793,0.003726,0.016696,0.001845,0.004870,-0.084677,0.099965,0.105373,-0.081282,0.101993,0.101814,0.018733,0.103434,0.001814,0.015019,0.101871,
0.007297,-0.084178,0.000308,0.106967,-0.080835,0.002838,0.104459,0.019437,0.002826,0.003906,0.015974,-0.000101,0.004638,-0.083825,0.100116,0.104555,-0.080496,0.102490,0.101309,0.019533,0.102270,0.001334,0.016434,0.099566,
0.007388,-0.084182,0.000241,0.107412,-0.080649,0.002729,0.103846,0.018860,0.000712,0.003907,0.015687,-0.000178,0.004360,-0.083166,0.099714,0.104164,-0.079966,0.102690,0.101334,0.019914,0.101529,0.001361,0.017105,0.098829,
0.006581,-0.083996,0.000955,0.106435,-0.081644,0.002278,0.103238,0.018752,0.001237,0.003680,0.015914,0.000096,0.005452,-0.083191,0.100860,0.105629,-0.079858,0.102284,0.102321,0.020230,0.100688,0.002218,0.016215,0.100142,
0.005728,-0.084457,0.001866,0.106270,-0.080925,0.001179,0.103262,0.018611,0.000301,0.003565,0.015771,0.000323,0.006576,-0.083511,0.100996,0.106669,-0.080635,0.100159,0.103185,0.019388,0.100648,0.003748,0.017090,0.100185,
0.005949,-0.084079,0.001436,0.106104,-0.081354,0.000327,0.102970,0.019518,-0.000212,0.003135,0.015850,0.000111,0.006646,-0.083546,0.099452,0.107379,-0.081134,0.098081,0.105054,0.018948,0.098755,0.004603,0.016274,0.100773,
0.005400,-0.082976,0.001391,0.106506,-0.080368,0.000105,0.103066,0.019824,0.000126,0.003437,0.017291,0.000639,0.007101,-0.085185,0.097438,0.108032,-0.082178,0.096037,0.103823,0.018258,0.100704,0.004572,0.015462,0.101222,
0.005531,-0.082609,0.000385,0.106942,-0.079550,0.000378,0.103057,0.021106,0.000897,0.003735,0.018249,0.001276,0.005738,-0.086084,0.094767,0.107489,-0.083103,0.094633,0.103624,0.017050,0.101530,0.004009,0.013860,0.102074,
0.005485,-0.081979,-0.000115,0.107888,-0.078809,0.000140,0.103143,0.021900,0.000639,0.003707,0.018619,0.000691,0.004825,-0.087203,0.091096,0.107137,-0.084283,0.091653,0.102844,0.015981,0.102134,0.003794,0.013419,0.101774,
0.005423,-0.082208,-0.000004,0.108348,-0.078637,0.000044,0.103124,0.022604,0.000830,0.004077,0.019778,0.000402,0.005007,-0.087734,0.088456,0.108355,-0.084347,0.088801,0.102588,0.015881,0.102167,0.003256,0.012649,0.101116,
0.005255,-0.082082,0.000242,0.109736,-0.077748,0.000883,0.102836,0.023343,0.000003,0.003898,0.019164,0.000182,0.005340,-0.088561,0.085794,0.109639,-0.084390,0.086419,0.102859,0.016048,0.101717,0.004404,0.011838,0.101831,
0.005729,-0.082431,0.001112,0.110476,-0.077623,0.000873,0.102768,0.024274,-0.000045,0.004217,0.019800,0.000107,0.006064,-0.089554,0.083057,0.111182,-0.084606,0.082757,0.103215,0.015276,0.101935,0.004687,0.010779,0.102029,
0.005393,-0.082347,0.002029,0.111871,-0.076952,0.001216,0.102538,0.025404,-0.000123,0.004121,0.020338,0.000184,0.006316,-0.090926,0.079276,0.112488,-0.085531,0.078496,0.103342,0.013989,0.102487,0.005321,0.009197,0.102788,
0.005383,-0.082226,0.001325,0.112842,-0.076415,0.000896,0.102326,0.026560,-0.000142,0.004851,0.020926,0.000397,0.006131,-0.091951,0.074705,0.113806,-0.086171,0.074493,0.103685,0.012687,0.102601,0.005915,0.007149,0.103111,
0.005196,-0.082128,0.000885,0.114167,-0.075489,0.000822,0.102504,0.027840,-0.000068,0.004929,0.021796,-0.000021,0.006078,-0.093203,0.069114,0.114985,-0.086867,0.068688,0.103378,0.011066,0.102759,0.005965,0.005496,0.102635,
0.005546,-0.082083,-0.000090,0.115112,-0.075112,0.000079,0.102244,0.029286,0.000237,0.004943,0.023005,-0.000004,0.006005,-0.094399,0.062879,0.115985,-0.087158,0.063278,0.103316,0.009086,0.102680,0.005934,0.002947,0.102472,
0.005253,-0.082145,-0.000046,0.116314,-0.074205,0.000010,0.102087,0.030315,0.000417,0.005266,0.023524,-0.000056,0.005845,-0.095220,0.057124,0.117421,-0.087588,0.057271,0.103252,0.007291,0.102580,0.006573,0.000338,0.102393,
0.004652,-0.082603,0.000154,0.117395,-0.074450,0.000014,0.101509,0.031293,0.000503,0.005058,0.024399,0.000405,0.005971,-0.095560,0.052610,0.118508,-0.087178,0.052329,0.103735,0.005571,0.102332,0.007118,-0.001079,0.102225,
0.004314,-0.082829,-0.000018,0.117896,-0.074417,-0.000361,0.101466,0.032146,0.000356,0.004921,0.024844,0.000057,0.005415,-0.095732,0.047458,0.119082,-0.087414,0.047007,0.103767,0.004711,0.101305,0.007535,-0.002806,0.101978,
0.004354,-0.082446,0.000034,0.117840,-0.074880,0.000109,0.101164,0.029997,0.000171,0.005477,0.022892,0.000848,0.006640,-0.097576,0.054967,0.118109,-0.089198,0.055007,0.104091,0.004470,0.102620,0.006610,-0.002649,0.102711,
0.006457,-0.086330,0.003196,0.114976,-0.078218,0.002661,0.102955,0.026525,0.002758,0.004625,0.019730,0.002767,0.006384,-0.096826,0.066123,0.117145,-0.089356,0.065078,0.103567,0.006878,0.104862,0.007361,0.000381,0.105236,
0.005002,-0.086748,0.007178,0.115651,-0.079814,0.006380,0.101819,0.022814,0.001881,0.005693,0.016855,0.002535,0.007460,-0.097307,0.074006,0.115893,-0.090367,0.073525,0.104367,0.008134,0.105904,0.006850,0.002135,0.106576,
0.006973,-0.089589,0.008188,0.113712,-0.083775,0.007153,0.103315,0.019705,0.002683,0.004687,0.014059,0.003975,0.006802,-0.095803,0.080615,0.115555,-0.089681,0.079548,0.104617,0.010250,0.105032,0.006407,0.004129,0.106221,
0.005861,-0.090573,0.009366,0.113547,-0.084381,0.007798,0.102714,0.017117,0.000276,0.005810,0.011504,0.001207,0.008115,-0.096136,0.086336,0.113752,-0.090050,0.085076,0.104441,0.010494,0.104436,0.007227,0.005522,0.105417,
0.007385,-0.093098,0.008320,0.111702,-0.087829,0.007391,0.104155,0.014507,-0.000300,0.004561,0.009661,0.000970,0.007646,-0.094238,0.089769,0.114052,-0.089040,0.087971,0.105160,0.011698,0.101503,0.006373,0.006595,0.102763,
0.007136,-0.092717,0.007668,0.112033,-0.087784,0.006274,0.104055,0.013074,0.000139,0.005214,0.008045,0.001183,0.008564,-0.094665,0.092323,0.112158,-0.089988,0.091901,0.105016,0.011800,0.102018,0.006432,0.007381,0.102741,
0.007865,-0.092807,0.006291,0.111280,-0.088358,0.005897,0.104018,0.013463,0.001320,0.005952,0.008526,0.001928,0.007752,-0.094206,0.094504,0.111967,-0.089620,0.093821,0.104724,0.010454,0.103563,0.005749,0.005777,0.103730,
0.008215,-0.092182,0.004039,0.110627,-0.087321,0.004432,0.105182,0.012666,0.002123,0.004980,0.008744,0.001738,0.008731,-0.095653,0.095343,0.110292,-0.090511,0.095648,0.104418,0.010103,0.103188,0.005685,0.005645,0.103235,
0.009005,-0.092359,0.001344,0.110392,-0.087866,0.002209,0.104278,0.013026,0.001788,0.005686,0.008680,0.000893,0.007778,-0.094867,0.094775,0.110444,-0.090903,0.095292,0.104559,0.009157,0.102747,0.004921,0.005053,0.102052,
0.008762,-0.091933,0.000072,0.110224,-0.087417,0.000238,0.105356,0.012474,0.000496,0.005481,0.008224,0.000084,0.008586,-0.095655,0.094182,0.109180,-0.091265,0.095423,0.104144,0.009392,0.101204,0.004565,0.004975,0.100094,
0.009055,-0.093221,0.000258,0.109825,-0.088758,-0.000056,0.104403,0.011465,0.000268,0.005250,0.007401,0.000372,0.008658,-0.094013,0.098146,0.109412,-0.089314,0.098237,0.104439,0.010006,0.100894,0.005128,0.005588,0.100830,
0.009718,-0.093847,0.001653,0.110102,-0.089163,0.001302,0.104786,0.011121,-0.000143,0.004599,0.005594,0.000172,0.009909,-0.093592,0.100018,0.110134,-0.089035,0.099701,0.105250,0.011716,0.099549,0.005362,0.006945,0.099910,
0.010633,-0.094624,0.001560,0.109429,-0.088772,0.000934,0.104854,0.010575,0.000022,0.004945,0.005637,0.000193,0.010934,-0.092810,0.101418,0.111099,-0.087282,0.100810,0.105283,0.012418,0.099763,0.004945,0.006852,0.100039,
0.010200,-0.094267,0.001597,0.111240,-0.088368,0.001359,0.104537,0.011688,-0.000015,0.004829,0.005396,0.000277,0.011307,-0.093081,0.101530,0.110660,-0.087030,0.101028,0.104703,0.012704,0.099775,0.005554,0.006684,0.100444,
0.012020,-0.094123,0.000748,0.111000,-0.087772,0.000334,0.105046,0.012429,0.000215,0.004965,0.005783,0.000100,0.011048,-0.093120,0.100744,0.111066,-0.086827,0.100757,0.104764,0.012713,0.100076,0.004762,0.006489,0.099661,
0.011649,-0.093495,0.000262,0.111903,-0.086429,0.000296,0.105069,0.012703,-0.000078,0.005022,0.006211,-0.000111,0.011559,-0.094107,0.098799,0.111671,-0.087165,0.099425,0.104589,0.013315,0.099888,0.004623,0.006333,0.099591,
0.011829,-0.093450,0.000383,0.112137,-0.086520,0.000473,0.104437,0.014028,-0.000001,0.005052,0.006824,0.000075,0.012032,-0.094145,0.098749,0.112169,-0.087010,0.098692,0.104737,0.012629,0.100523,0.005154,0.005397,0.100675,
0.011597,-0.093458,0.000676,0.112236,-0.085667,0.000026,0.104795,0.014080,-0.000115,0.004482,0.006703,0.000341,0.012265,-0.094691,0.097870,0.112719,-0.087238,0.097196,0.104851,0.012607,0.100369,0.005643,0.005491,0.100750,
0.011535,-0.092909,0.000429,0.112593,-0.085610,0.000001,0.104083,0.014824,-0.000181,0.004836,0.007058,0.000175,0.012015,-0.095210,0.095695,0.113572,-0.087627,0.095026,0.105031,0.012713,0.100195,0.005290,0.005110,0.100760,
0.011220,-0.092508,0.000251,0.112817,-0.084673,0.000015,0.104240,0.015946,0.000274,0.004931,0.008378,0.000222,0.011713,-0.096095,0.092915,0.113442,-0.088350,0.092999,0.104371,0.011851,0.101144,0.005194,0.004267,0.101024,
0.010958,-0.091267,0.000043,0.113719,-0.083509,0.000248,0.103941,0.017164,0.000337,0.005059,0.009428,0.000075,0.010696,-0.096836,0.089728,0.113321,-0.089168,0.090199,0.103811,0.010688,0.102091,0.005169,0.003258,0.101538,
0.010587,-0.091244,-0.000087,0.113955,-0.082858,0.000077,0.103781,0.017987,0.000663,0.005196,0.010407,-0.000100,0.010517,-0.097530,0.086696,0.114208,-0.089304,0.087125,0.103891,0.010422,0.102063,0.005082,0.002867,0.101484,
0.010277,-0.090856,0.000064,0.114964,-0.082360,0.000528,0.103721,0.018943,0.000351,0.005137,0.010846,0.000017,0.011041,-0.098150,0.083563,0.115499,-0.089724,0.083689,0.104111,0.010245,0.101963,0.005816,0.002142,0.101849,
0.010504,-0.090602,0.000598,0.116010,-0.081519,0.000290,0.103534,0.020366,0.000364,0.005402,0.011871,0.000018,0.011077,-0.099022,0.079857,0.116785,-0.090053,0.079937,0.104610,0.009069,0.102237,0.006524,0.000679,0.102434,
0.010182,-0.089894,0.000421,0.117123,-0.080417,0.000175,0.103358,0.021553,-0.000021,0.005607,0.012964,0.000229,0.011328,-0.100281,0.075454,0.118067,-0.090523,0.074925,0.104483,0.007874,0.102685,0.007012,-0.000683,0.102619,
0.009982,-0.089754,-0.000001,0.117895,-0.079874,-0.000045,0.103286,0.023289,0.000035,0.005722,0.013996,0.000068,0.010892,-0.100788,0.069902,0.119005,-0.090926,0.070107,0.104878,0.006735,0.102283,0.007349,-0.002477,0.102570,
0.009360,-0.089446,0.000106,0.118789,-0.079269,-0.000042,0.102960,0.023809,0.000079,0.005741,0.015209,0.000120,0.010511,-0.101323,0.065460,0.119829,-0.091345,0.065333,0.104539,0.005164,0.102831,0.007553,-0.003625,0.102620,
0.008668,-0.089210,0.000331,0.119228,-0.079242,0.000272,0.102522,0.025143,-0.000007,0.005840,0.016037,0.000080,0.009577,-0.101920,0.060148,0.120332,-0.091560,0.060154,0.104603,0.003733,0.102458,0.007720,-0.005136,0.102558,
0.008074,-0.089443,0.000157,0.119635,-0.078832,-0.000065,0.102270,0.026028,-0.000033,0.005708,0.017216,-0.000035,0.008969,-0.102130,0.054469,0.120944,-0.091722,0.054529,0.104633,0.002161,0.102011,0.008018,-0.007013,0.102099,
0.007178,-0.089228,0.000041,0.120175,-0.078881,-0.000002,0.102013,0.026995,-0.000004,0.005585,0.018064,-0.000045,0.008487,-0.102219,0.048796,0.121566,-0.091740,0.048620,0.104268,-0.000006,0.101908,0.008189,-0.008831,0.101721,
0.007103,-0.089804,-0.000392,0.120259,-0.078854,-0.000387,0.101664,0.026769,0.000079,0.005927,0.018015,0.000305,0.008269,-0.103391,0.049766,0.121228,-0.093110,0.050044,0.104749,-0.001144,0.101379,0.008018,-0.010026,0.101593,
0.008824,-0.091271,0.000891,0.119057,-0.080724,0.000760,0.102476,0.022547,0.001633,0.005110,0.012856,0.001477,0.010502,-0.104655,0.062365,0.120154,-0.093732,0.061992,0.103897,0.001520,0.104514,0.007750,-0.007735,0.104311,
0.009274,-0.094981,0.005832,0.119662,-0.083132,0.005636,0.101440,0.020057,0.002269,0.005792,0.010148,0.002311,0.010327,-0.104684,0.069705,0.120672,-0.093234,0.069708,0.104338,0.003738,0.105156,0.006605,-0.006577,0.105246,
0.011380,-0.096831,0.006489,0.118338,-0.085261,0.006710,0.102656,0.017268,0.002023,0.004264,0.006496,0.002363,0.012417,-0.104972,0.077671,0.119494,-0.093211,0.077642,0.103106,0.005862,0.105254,0.006762,-0.004774,0.105509,
0.011736,-0.099096,0.008495,0.118761,-0.086601,0.007876,0.101754,0.014889,0.000482,0.005311,0.003687,0.000547,0.012531,-0.104542,0.083076,0.119492,-0.092223,0.082740,0.103367,0.006774,0.104438,0.005741,-0.004426,0.104648,
0.013173,-0.101202,0.007482,0.118297,-0.088749,0.007335,0.102844,0.012755,0.001002,0.004127,0.000760,0.001071,0.013471,-0.104457,0.087121,0.119040,-0.091747,0.086759,0.103220,0.008870,0.102747,0.005213,-0.002789,0.102777,
0.013686,-0.102153,0.006444,0.118406,-0.089118,0.006415,0.102749,0.011196,0.000779,0.004422,-0.000628,0.000746,0.014324,-0.104060,0.090426,0.118401,-0.091221,0.090536,0.102741,0.009096,0.102396,0.005122,-0.003207,0.102557,
0.014540,-0.102074,0.006066,0.117885,-0.088944,0.006232,0.102307,0.011453,0.000487,0.004207,-0.000921,0.000341,0.014775,-0.104302,0.092517,0.118179,-0.091191,0.092577,0.102960,0.007982,0.103033,0.004644,-0.004270,0.103028,
0.015769,-0.102198,0.003771,0.116772,-0.089030,0.003641,0.102878,0.011139,0.000560,0.003892,-0.001968,0.000538,0.015706,-0.104975,0.093851,0.117352,-0.091736,0.093782,0.102442,0.008692,0.102182,0.004366,-0.004155,0.102093,
0.015199,-0.102420,0.000912,0.117448,-0.088922,0.001146,0.101746,0.010592,-0.000095,0.003916,-0.002161,0.000207,0.015545,-0.104720,0.093603,0.117555,-0.090979,0.093788,0.102917,0.008171,0.100761,0.003850,-0.005084,0.100732,
0.016240,-0.102373,0.000128,0.116393,-0.088751,0.000211,0.101921,0.011595,0.000058,0.002799,-0.002082,0.000047,0.016512,-0.105693,0.094279,0.116896,-0.092262,0.094240,0.102418,0.007419,0.100781,0.003884,-0.006018,0.100890,
0.016216,-0.103115,0.000180,0.116802,-0.088545,0.000182,0.101780,0.010661,0.000950,0.003350,-0.003678,0.001250,0.016729,-0.105857,0.097060,0.117004,-0.091545,0.097130,0.102062,0.007708,0.101920,0.003245,-0.006253,0.101759,
0.017390,-0.103651,0.000022,0.116574,-0.089089,0.000534,0.101908,0.009820,0.001655,0.002774,-0.004711,0.001263,0.017193,-0.105779,0.098906,0.116958,-0.090773,0.099078,0.102047,0.008332,0.101782,0.002635,-0.006584,0.101684,
0.018040,-0.104853,0.000009,0.117286,-0.089412,0.000286,0.101454,0.009777,0.000757,0.002697,-0.005205,0.000114,0.017834,-0.105728,0.099043,0.116649,-0.090677,0.099589,0.101283,0.008576,0.101168,0.002829,-0.006450,0.100584,
0.017984,-0.105491,-0.000222,0.117066,-0.089881,-0.000091,0.101679,0.008904,-0.000242,0.002719,-0.006787,-0.000279,0.017840,-0.105261,0.099841,0.117047,-0.089642,0.099870,0.101313,0.009041,0.099627,0.002119,-0.006665,0.099500,
0.018441,-0.106152,0.001202,0.116891,-0.090284,0.001021,0.101441,0.008407,-0.000053,0.002459,-0.007281,0.000007,0.018608,-0.105452,0.101353,0.117122,-0.089559,0.101059,0.101289,0.009141,0.100483,0.002718,-0.006487,0.100546,
0.018606,-0.106538,0.001728,0.117485,-0.090836,0.001416,0.101443,0.008326,0.000354,0.002696,-0.007614,0.000629,0.018516,-0.105383,0.101297,0.117477,-0.089713,0.101130,0.101781,0.009536,0.100114,0.002783,-0.006505,0.100461,
0.018301,-0.106675,0.001410,0.117928,-0.090698,0.001009,0.101609,0.008001,0.000051,0.002850,-0.007914,0.000264,0.018556,-0.105520,0.100595,0.118020,-0.089504,0.100297,0.101738,0.009154,0.099880,0.002892,-0.006576,0.100037,
0.018642,-0.106766,0.001132,0.117760,-0.090556,0.000978,0.101645,0.008673,-0.000034,0.002875,-0.007314,0.000362,0.018770,-0.106521,0.099188,0.118052,-0.090477,0.098839,0.101530,0.008749,0.100025,0.003048,-0.007218,0.100301,
0.018213,-0.105866,0.000972,0.118384,-0.089674,0.001022,0.101320,0.009244,-0.000041,0.002895,-0.006911,0.000110,0.018509,-0.107715,0.096643,0.118625,-0.091358,0.096768,0.101867,0.007563,0.101005,0.003242,-0.008478,0.100991,
0.018435,-0.105641,-0.000086,0.118425,-0.089205,-0.000114,0.101263,0.009974,0.000026,0.002874,-0.006045,-0.000173,0.018647,-0.108846,0.094027,0.119004,-0.092521,0.094054,0.101621,0.006498,0.101055,0.003411,-0.009702,0.100902,
0.018094,-0.105570,0.000079,0.119409,-0.088707,-0.000023,0.101001,0.010845,0.000307,0.003109,-0.005313,0.000017,0.018537,-0.110269,0.090893,0.119956,-0.093282,0.091247,0.101659,0.005537,0.101410,0.003904,-0.010623,0.101368,
0.017892,-0.105360,0.000251,0.119711,-0.088047,-0.000009,0.100823,0.011299,0.000286,0.002963,-0.005151,0.000354,0.018725,-0.111181,0.088599,0.120948,-0.093919,0.088350,0.102183,0.004898,0.101662,0.003998,-0.011662,0.101765,
0.017150,-0.105340,0.000478,0.120205,-0.087946,-0.000054,0.100474,0.012371,0.000146,0.002975,-0.004647,0.000091,0.018849,-0.111977,0.085315,0.121750,-0.094361,0.084873,0.101881,0.004165,0.101720,0.004824,-0.012536,0.101971,
0.016851,-0.104949,0.000266,0.121061,-0.086984,0.000116,0.100347,0.012869,0.000178,0.003029,-0.003444,0.000115,0.018335,-0.112783,0.081502,0.122277,-0.095152,0.081403,0.102139,0.002769,0.102023,0.004998,-0.013751,0.102134,
0.016562,-0.104165,-0.000105,0.121451,-0.086489,0.000388,0.100240,0.014197,0.000330,0.003255,-0.002377,0.000073,0.017719,-0.114034,0.076549,0.123090,-0.096051,0.076873,0.102052,0.001333,0.102560,0.005239,-0.014984,0.102315,
0.016244,-0.104195,0.000034,0.122252,-0.085504,0.000254,0.099921,0.015475,-0.000017,0.003588,-0.000964,0.000201,0.017674,-0.114664,0.071993,0.123964,-0.096472,0.072363,0.102243,0.000016,0.102946,0.005798,-0.016623,0.102542,
0.015929,-0.103885,0.000072,0.123667,-0.085196,0.000100,0.099867,0.016449,-0.000090,0.003534,-0.000535,0.000051,0.017975,-0.115320,0.067447,0.125585,-0.096480,0.067573,0.102810,-0.000951,0.102549,0.006693,-0.017902,0.102427,
0.015818,-0.103792,0.000271,0.124199,-0.084207,-0.000014,0.099594,0.017782,-0.000119,0.003783,0.000557,0.000218,0.018046,-0.116220,0.062366,0.126945,-0.096550,0.062000,0.103429,-0.002385,0.102425,0.007593,-0.019547,0.102821,
0.014903,-0.103445,0.000178,0.124938,-0.083989,-0.000050,0.099201,0.019082,0.000224,0.003818,0.001823,0.000227,0.017372,-0.116280,0.056994,0.127586,-0.096587,0.056520,0.103638,-0.004109,0.102491,0.008088,-0.021114,0.102705,
0.014200,-0.103449,-0.000002,0.125198,-0.083834,0.000004,0.099026,0.019664,0.000006,0.003384,0.003266,0.000057,0.016070,-0.116000,0.051032,0.127473,-0.096766,0.051189,0.103480,-0.005585,0.101819,0.008115,-0.022267,0.101885,
0.013838,-0.103332,-0.000367,0.125783,-0.083910,-0.000314,0.098746,0.020719,0.000028,0.003608,0.004157,-0.000121,0.015660,-0.116339,0.047055,0.128093,-0.096659,0.047361,0.103229,-0.007102,0.101515,0.008015,-0.023681,0.101124,
0.014055,-0.103382,-0.000017,0.125614,-0.083964,-0.000001,0.099356,0.017646,0.001056,0.004298,0.000890,0.001207,0.017796,-0.117912,0.057490,0.127128,-0.098561,0.057459,0.104090,-0.005938,0.103449,0.008000,-0.022851,0.103657,
0.016614,-0.106743,0.004223,0.124370,-0.088023,0.003506,0.100489,0.015524,0.002856,0.004095,-0.001331,0.003321,0.017657,-0.117402,0.066278,0.127454,-0.098456,0.065667,0.104121,-0.004014,0.105028,0.008398,-0.020708,0.105561,
0.016432,-0.107088,0.006146,0.124381,-0.088564,0.005062,0.101091,0.011939,0.001939,0.004789,-0.004382,0.002954,0.019907,-0.117886,0.074998,0.126228,-0.099566,0.073920,0.104281,-0.002839,0.106167,0.008655,-0.019166,0.106875,
0.017798,-0.110118,0.007524,0.124027,-0.091986,0.006237,0.101637,0.009656,0.002796,0.005280,-0.006888,0.003911,0.019045,-0.116818,0.079963,0.126840,-0.098582,0.078575,0.105485,-0.000971,0.104761,0.007977,-0.017633,0.106392,
0.018076,-0.110575,0.007181,0.123799,-0.092864,0.005338,0.102327,0.006709,0.000251,0.005709,-0.009347,0.002188,0.021417,-0.116875,0.085462,0.125319,-0.099300,0.083663,0.104827,-0.000149,0.104088,0.008718,-0.016175,0.105468,
0.019684,-0.112724,0.006795,0.122872,-0.095637,0.004676,0.103329,0.005601,-0.000378,0.005603,-0.011019,0.000393,0.020808,-0.115516,0.088182,0.125730,-0.098209,0.086146,0.106026,0.000361,0.101150,0.008420,-0.015999,0.103205,
0.020004,-0.112059,0.004984,0.122954,-0.094562,0.003548,0.103489,0.004263,0.000170,0.005789,-0.011941,0.001662,0.022236,-0.116195,0.090631,0.124479,-0.099356,0.088896,0.105415,0.000317,0.102322,0.008026,-0.015215,0.102907,
0.020558,-0.111808,0.003076,0.122368,-0.095089,0.002441,0.103351,0.005270,0.001471,0.006757,-0.011686,0.002263,0.021497,-0.116171,0.091430,0.123979,-0.098888,0.091287,0.105064,-0.000541,0.103241,0.007427,-0.017729,0.104256,
0.021191,-0.111160,0.000473,0.122536,-0.093788,0.000829,0.104178,0.004893,0.002243,0.005213,-0.011512,0.002372,0.022478,-0.117294,0.091937,0.122698,-0.100230,0.092032,0.104525,-0.001565,0.103279,0.006923,-0.017696,0.102767,
0.021395,-0.111718,-0.000341,0.122391,-0.094246,0.000487,0.103301,0.004851,0.002476,0.006466,-0.011642,0.000542,0.021593,-0.117375,0.092471,0.122892,-0.100083,0.093054,0.104411,-0.001653,0.103174,0.006262,-0.018497,0.102609,
0.021651,-0.112753,0.000057,0.121932,-0.095626,0.001447,0.104805,0.002843,0.002121,0.005712,-0.014110,0.002026,0.022488,-0.116498,0.096570,0.121628,-0.099387,0.097317,0.103932,-0.000265,0.103004,0.005387,-0.017122,0.101763,
0.022121,-0.115059,0.002541,0.120993,-0.098134,0.002606,0.103858,0.001408,0.001461,0.006006,-0.015538,0.001056,0.021242,-0.114622,0.100135,0.120943,-0.097868,0.100526,0.103854,0.000567,0.101971,0.005580,-0.016137,0.102150,
0.021560,-0.115715,0.003469,0.120954,-0.099528,0.003167,0.104007,-0.001399,0.000136,0.004817,-0.017410,0.000239,0.021655,-0.113643,0.102797,0.120174,-0.097308,0.102357,0.103665,0.001686,0.100175,0.005108,-0.014298,0.100007,
0.021202,-0.117349,0.004118,0.119303,-0.101247,0.003475,0.104021,-0.001837,-0.000237,0.005068,-0.018431,-0.000155,0.020382,-0.112627,0.103624,0.120003,-0.096265,0.103287,0.103544,0.002485,0.098878,0.004396,-0.014215,0.099619,
0.020521,-0.116861,0.004259,0.119896,-0.100476,0.004352,0.103708,-0.002433,0.000156,0.004930,-0.018284,0.000327,0.020780,-0.112711,0.104589,0.118788,-0.097148,0.104269,0.102983,0.001731,0.100626,0.004396,-0.013768,0.100088,
0.021244,-0.116478,0.004134,0.119516,-0.101203,0.004569,0.104090,-0.001763,0.001162,0.005351,-0.017656,0.000586,0.019321,-0.113089,0.103792,0.118666,-0.097208,0.104615,0.103089,0.001231,0.100863,0.004203,-0.014683,0.100867,
0.020560,-0.115887,0.003257,0.120110,-0.100561,0.004400,0.104478,-0.002150,0.000789,0.005429,-0.017243,-0.000064,0.019521,-0.113824,0.102455,0.118287,-0.098401,0.103429,0.102649,0.000804,0.101083,0.003946,-0.014394,0.099567,
0.020730,-0.116192,0.001528,0.119409,-0.100632,0.002985,0.103999,-0.001607,0.000152,0.005429,-0.016783,-0.000110,0.018632,-0.113828,0.100130,0.118329,-0.098573,0.101551,0.103002,0.000263,0.100407,0.004090,-0.015049,0.099576,
0.019224,-0.115162,0.001634,0.119923,-0.100266,0.002207,0.104111,-0.001102,0.000062,0.005313,-0.016049,0.000012,0.019580,-0.115687,0.098264,0.119076,-0.100401,0.098828,0.103442,-0.000905,0.100549,0.004847,-0.016052,0.100272,
0.019462,-0.115139,0.001179,0.119402,-0.100069,0.000271,0.103624,-0.000605,0.000014,0.005327,-0.015287,0.000315,0.019535,-0.116828,0.096236,0.120593,-0.101813,0.095389,0.104520,-0.002850,0.100830,0.005854,-0.017297,0.101077,
0.018287,-0.114384,0.000145,0.119710,-0.099304,-0.000072,0.103597,0.000382,-0.000056,0.004972,-0.014741,-0.000029,0.020288,-0.118595,0.092637,0.121187,-0.103729,0.091635,0.105409,-0.004080,0.100270,0.007045,-0.018716,0.101547,
0.018097,-0.113631,0.000099,0.119803,-0.098742,-0.000024,0.103479,0.001138,0.000308,0.005449,-0.012648,0.001111,0.019211,-0.119396,0.089523,0.121485,-0.104277,0.089298,0.104680,-0.005400,0.102381,0.006550,-0.019983,0.102507,
0.016987,-0.112389,0.000050,0.120249,-0.097789,0.000483,0.103500,0.002424,0.001511,0.005266,-0.012045,0.000861,0.017748,-0.120107,0.086385,0.120675,-0.105546,0.086849,0.104235,-0.006352,0.102892,0.006121,-0.020272,0.102692,
0.016795,-0.112351,-0.000052,0.120543,-0.097597,0.000399,0.102917,0.003106,0.001009,0.005644,-0.010238,-0.000003,0.016285,-0.120256,0.082280,0.120818,-0.105791,0.083247,0.103348,-0.007482,0.103439,0.005797,-0.020660,0.102067,
0.016444,-0.112044,-0.000055,0.121451,-0.097116,0.001129,0.103325,0.003764,0.000309,0.005675,-0.009859,-0.000038,0.016570,-0.120896,0.078375,0.121551,-0.105976,0.079924,0.103484,-0.007224,0.102776,0.005816,-0.021353,0.101537,
0.016419,-0.112229,0.000742,0.122651,-0.096508,0.002021,0.102837,0.004632,0.000077,0.005673,-0.009706,-0.000070,0.017181,-0.121537,0.075210,0.123696,-0.105672,0.076184,0.104363,-0.007967,0.102846,0.007451,-0.022485,0.102696,
0.016174,-0.112793,0.002418,0.123732,-0.095847,0.001531,0.102408,0.005828,-0.000051,0.006040,-0.009124,-0.000052,0.018384,-0.122633,0.072166,0.125624,-0.105988,0.071239,0.104929,-0.009141,0.102808,0.008473,-0.023953,0.102954,
0.016472,-0.112781,0.002782,0.124911,-0.095589,0.001323,0.102384,0.006832,-0.000011,0.005798,-0.008904,0.000195,0.018628,-0.123408,0.067143,0.127383,-0.106006,0.065976,0.106008,-0.010207,0.102451,0.009784,-0.025460,0.103343,
0.016499,-0.112740,0.002306,0.126407,-0.094915,0.001441,0.102413,0.008024,-0.000094,0.006879,-0.007792,0.000234,0.018910,-0.124352,0.061650,0.128691,-0.106581,0.060597,0.106685,-0.011935,0.102483,0.010593,-0.027729,0.103259,
0.016732,-0.112988,0.001300,0.127785,-0.094193,0.001076,0.102858,0.009241,-0.000046,0.007127,-0.006685,0.000292,0.018901,-0.124982,0.055013,0.130055,-0.106450,0.054768,0.106636,-0.014377,0.102582,0.011301,-0.029771,0.102543,
0.016949,-0.112641,-0.000174,0.129244,-0.093960,0.000383,0.102794,0.010529,-0.000048,0.007388,-0.005529,0.000164,0.018991,-0.125366,0.047828,0.131168,-0.106563,0.048326,0.107064,-0.016059,0.101482,0.011581,-0.032544,0.101408,
0.016961,-0.112738,-0.000150,0.129373,-0.092828,-0.000593,0.102514,0.010218,0.000525,0.007818,-0.006150,0.000746,0.020242,-0.127185,0.051160,0.131436,-0.107767,0.051005,0.107809,-0.017328,0.102265,0.012099,-0.033757,0.102080,
0.019603,-0.114319,0.002368,0.127035,-0.095994,0.000924,0.103420,0.006879,0.003531,0.006685,-0.010164,0.003719,0.021586,-0.127310,0.064134,0.130256,-0.108118,0.063470,0.107116,-0.014597,0.105560,0.012002,-0.031342,0.106222,
0.018000,-0.116461,0.007834,0.128224,-0.097069,0.006464,0.102240,0.003703,0.003692,0.007590,-0.012837,0.005430,0.021650,-0.127468,0.072678,0.130034,-0.108512,0.070954,0.107617,-0.012956,0.107129,0.011122,-0.029954,0.108503,
0.020172,-0.119166,0.009012,0.125217,-0.100209,0.007089,0.103653,0.001425,0.005167,0.006235,-0.015895,0.007150,0.022515,-0.127014,0.080832,0.129150,-0.108043,0.078873,0.107292,-0.010820,0.107276,0.011136,-0.027797,0.109456,
0.019396,-0.119698,0.011798,0.125873,-0.101125,0.008849,0.102296,-0.001262,0.002994,0.006975,-0.018011,0.005475,0.023429,-0.126745,0.087150,0.128502,-0.108524,0.084007,0.107007,-0.010337,0.107414,0.010889,-0.027210,0.109765,
0.021118,-0.122218,0.011389,0.124343,-0.104242,0.007702,0.103824,-0.003497,0.003553,0.005316,-0.020773,0.006693,0.023111,-0.125838,0.091145,0.128061,-0.107202,0.088136,0.107570,-0.008448,0.104760,0.010117,-0.025577,0.108005,
0.019915,-0.123115,0.010585,0.124477,-0.104728,0.007181,0.102208,-0.006092,-0.000154,0.007052,-0.022780,0.003423,0.024621,-0.125286,0.095026,0.126999,-0.107270,0.090927,0.106908,-0.007943,0.103474,0.010460,-0.024987,0.107040,
0.021845,-0.125314,0.009249,0.122242,-0.106917,0.004969,0.103654,-0.006460,-0.000121,0.004804,-0.025028,0.002946,0.024216,-0.124294,0.096556,0.126834,-0.106250,0.092490,0.107158,-0.007332,0.100179,0.009192,-0.024383,0.103884,
0.021455,-0.124090,0.007437,0.123740,-0.106065,0.003857,0.103529,-0.007303,-0.000154,0.006476,-0.025240,0.000209,0.024969,-0.124623,0.097294,0.125885,-0.106885,0.094072,0.105760,-0.007295,0.100773,0.008444,-0.024933,0.102678,
0.024379,-0.124418,0.002675,0.123590,-0.105895,0.002963,0.104494,-0.006707,0.000221,0.006285,-0.024680,0.001567,0.023542,-0.125198,0.096575,0.124023,-0.106230,0.096709,0.104953,-0.008452,0.101752,0.007083,-0.026233,0.102066,
0.023830,-0.123552,-0.000114,0.124911,-0.104579,0.002326,0.104616,-0.006262,0.001459,0.006561,-0.024620,0.000131,0.023559,-0.126565,0.094727,0.122941,-0.107812,0.096713,0.103467,-0.008472,0.101590,0.005732,-0.027289,0.100385,
0.023952,-0.123466,0.000044,0.123772,-0.103980,0.000554,0.103736,-0.006114,0.001755,0.006429,-0.024246,0.000608,0.023396,-0.126588,0.095783,0.122935,-0.107470,0.097168,0.102699,-0.009836,0.102875,0.004423,-0.028366,0.100243,
0.024191,-0.123600,0.000881,0.122334,-0.104835,0.001057,0.103199,-0.006150,0.003287,0.005156,-0.026194,0.002376,0.023815,-0.126273,0.099453,0.121764,-0.107094,0.100525,0.102810,-0.008547,0.102906,0.005396,-0.027925,0.103084,
0.023396,-0.124711,0.002849,0.121834,-0.105176,0.002576,0.102020,-0.007302,0.002639,0.004013,-0.025863,0.003721,0.024092,-0.125670,0.101889,0.122672,-0.106405,0.100892,0.103203,-0.008593,0.103259,0.004715,-0.027583,0.103116,
0.022621,-0.125128,0.002966,0.120315,-0.105675,0.001279,0.101809,-0.007807,0.002481,0.003391,-0.027486,0.003119,0.024681,-0.125248,0.103134,0.122413,-0.105744,0.101782,0.102997,-0.007568,0.101600,0.005258,-0.027267,0.103789,
0.022383,-0.125818,0.003060,0.120629,-0.106381,0.000633,0.100610,-0.008285,-0.000228,0.002963,-0.027510,0.003080,0.024463,-0.124735,0.102964,0.122646,-0.105442,0.100272,0.103061,-0.007581,0.100166,0.005040,-0.026686,0.102328,
0.022102,-0.125587,0.002472,0.120191,-0.106666,0.000183,0.101316,-0.007773,-0.000059,0.003160,-0.028152,0.000898,0.024532,-0.124812,0.101651,0.122528,-0.105560,0.099188,0.103238,-0.007240,0.098878,0.005168,-0.026750,0.101162,
0.023093,-0.125338,0.000935,0.120862,-0.106121,0.000628,0.101555,-0.007791,0.000291,0.003719,-0.026875,0.000213,0.023424,-0.124930,0.099917,0.121960,-0.105755,0.099107,0.102395,-0.007910,0.100172,0.004383,-0.026922,0.100466,
0.022887,-0.124682,-0.000160,0.122177,-0.104754,0.001259,0.101798,-0.006913,0.000913,0.003915,-0.026185,0.000015,0.022166,-0.126132,0.096941,0.120773,-0.106591,0.098476,0.101091,-0.008093,0.100719,0.003353,-0.027332,0.100030,
0.022783,-0.123981,-0.000090,0.121571,-0.104411,0.001008,0.101508,-0.006141,0.001114,0.003894,-0.025087,-0.000144,0.021430,-0.126511,0.095589,0.120989,-0.106605,0.096938,0.100214,-0.008891,0.102279,0.002452,-0.028402,0.100322,
0.021654,-0.123623,0.000319,0.121923,-0.103532,0.001845,0.100839,-0.004894,0.001703,0.003188,-0.024857,0.000263,0.021633,-0.127437,0.093589,0.121190,-0.107544,0.094963,0.100428,-0.008932,0.102386,0.003092,-0.028483,0.101266,
0.021422,-0.123560,0.000022,0.121893,-0.103017,0.001116,0.100177,-0.004478,0.000713,0.003134,-0.023804,0.000293,0.021082,-0.127708,0.090971,0.122141,-0.107443,0.091965,0.100372,-0.009545,0.102176,0.003011,-0.029109,0.101304,
0.020670,-0.122732,0.000013,0.122222,-0.102540,0.000058,0.100257,-0.003547,0.000074,0.002830,-0.022921,0.000084,0.021504,-0.128777,0.087601,0.122859,-0.108031,0.088151,0.100566,-0.009818,0.101350,0.003434,-0.029518,0.100947,
0.020435,-0.122179,0.000249,0.122981,-0.101384,0.000106,0.099896,-0.001945,0.000360,0.002983,-0.021648,0.000502,0.021638,-0.129274,0.084468,0.124604,-0.108793,0.084167,0.102034,-0.010999,0.102286,0.005221,-0.030406,0.102456,
0.019787,-0.120998,0.000416,0.123527,-0.100243,0.000013,0.100271,-0.000593,0.000275,0.003690,-0.020064,0.000850,0.022567,-0.130182,0.080734,0.126127,-0.109392,0.080064,0.103118,-0.012163,0.102794,0.006367,-0.031536,0.103190,
0.019551,-0.120411,0.000174,0.123969,-0.100095,-0.000027,0.100155,0.000285,-0.000071,0.003691,-0.018389,0.001043,0.021751,-0.130351,0.076385,0.126988,-0.109631,0.075787,0.103520,-0.012877,0.102457,0.007313,-0.031986,0.103577,
0.017699,-0.119723,0.000778,0.124275,-0.099633,-0.000036,0.100137,0.001185,-0.000068,0.003934,-0.017087,-0.000066,0.020419,-0.130354,0.072228,0.126781,-0.110370,0.071345,0.103830,-0.014013,0.102234,0.007380,-0.032047,0.102928,
0.016737,-0.118978,0.000498,0.124297,-0.099589,0.000100,0.100177,0.001921,0.000050,0.003961,-0.015238,-0.000115,0.018684,-0.130046,0.067320,0.126633,-0.110766,0.066851,0.103341,-0.015452,0.102845,0.007277,-0.032380,0.102484,
0.015038,-0.117703,0.000185,0.124559,-0.099100,0.000806,0.099807,0.003188,0.000276,0.004033,-0.013011,-0.000049,0.017106,-0.130261,0.061257,0.126179,-0.111486,0.062077,0.103278,-0.016980,0.102676,0.007341,-0.034009,0.103001,
0.014342,-0.117226,-0.000091,0.124473,-0.098689,0.000136,0.099903,0.004619,0.000082,0.003878,-0.011300,-0.000075,0.015601,-0.129887,0.055581,0.126451,-0.111450,0.056025,0.102946,-0.019191,0.102759,0.007192,-0.034680,0.102006,
0.013683,-0.117057,0.000045,0.125168,-0.098112,-0.000003,0.099320,0.006094,0.000026,0.003944,-0.010079,-0.000067,0.015478,-0.129818,0.050165,0.127316,-0.111002,0.050264,0.103574,-0.020045,0.102050,0.007924,-0.035883,0.101572,
0.013333,-0.116247,-0.000284,0.125829,-0.097423,-0.000243,0.099122,0.007020,0.000017,0.003893,-0.009158,0.000063,0.015975,-0.130046,0.047787,0.128463,-0.110811,0.047689,0.104408,-0.020638,0.101312,0.009220,-0.037668,0.101964,
0.014548,-0.116238,0.000133,0.125396,-0.097380,-0.000001,0.100147,0.004101,0.001259,0.004382,-0.011859,0.002089,0.018041,-0.130467,0.059468,0.126976,-0.112074,0.058936,0.104923,-0.018883,0.103933,0.008683,-0.034864,0.104490,
0.016153,-0.118654,0.004863,0.124971,-0.100430,0.004498,0.101266,0.002980,0.003485,0.005375,-0.013586,0.003518,0.017627,-0.129444,0.067528,0.127673,-0.110734,0.067379,0.104557,-0.016123,0.105835,0.008437,-0.032397,0.106041,
0.017638,-0.118744,0.006204,0.124793,-0.100613,0.006189,0.102485,0.000412,0.003317,0.005579,-0.015882,0.003328,0.019641,-0.128941,0.076156,0.125991,-0.111341,0.076108,0.104182,-0.013908,0.107212,0.008432,-0.030023,0.106880,
0.018683,-0.120502,0.007711,0.125115,-0.102841,0.008302,0.102760,-0.001570,0.003644,0.006466,-0.017470,0.003177,0.019143,-0.127630,0.080799,0.126425,-0.109464,0.081431,0.105038,-0.011933,0.106594,0.007537,-0.028222,0.106404,
0.019647,-0.121248,0.007003,0.124937,-0.103488,0.007426,0.104342,-0.003551,0.002670,0.007004,-0.019738,0.002071,0.020714,-0.126771,0.086070,0.124988,-0.109344,0.086408,0.104134,-0.009878,0.105421,0.007597,-0.026149,0.104988,
0.021026,-0.122377,0.006363,0.124757,-0.105099,0.007235,0.104237,-0.004463,0.000265,0.007523,-0.021069,-0.000273,0.020466,-0.125223,0.088751,0.124908,-0.107838,0.089651,0.104827,-0.009312,0.103615,0.007399,-0.025264,0.102623,
0.021509,-0.122325,0.005094,0.123807,-0.104942,0.005490,0.105052,-0.005533,0.000278,0.006098,-0.021761,0.000107,0.021614,-0.125228,0.091159,0.124113,-0.107667,0.091629,0.104768,-0.007402,0.101828,0.007074,-0.024577,0.102293,
0.021038,-0.122293,0.003431,0.123384,-0.104824,0.002864,0.103891,-0.005291,0.000218,0.006903,-0.021887,0.000132,0.021976,-0.124274,0.093145,0.124334,-0.106676,0.092332,0.104850,-0.007877,0.101905,0.006872,-0.024242,0.101749,
0.021401,-0.121481,0.001443,0.122936,-0.104096,0.000762,0.104530,-0.004518,0.000076,0.005684,-0.021441,0.000494,0.022509,-0.124218,0.093850,0.123443,-0.107359,0.093428,0.105524,-0.008219,0.101068,0.007346,-0.024895,0.101830,
0.022192,-0.120293,0.000158,0.122334,-0.103787,-0.000162,0.104212,-0.004839,0.000141,0.006183,-0.020640,0.000166,0.022867,-0.124943,0.093494,0.123754,-0.107783,0.093302,0.105644,-0.008254,0.100909,0.007413,-0.025088,0.101441,
0.022080,-0.120767,0.000204,0.122346,-0.103926,0.000115,0.105443,-0.005181,0.000865,0.007151,-0.021742,0.000512,0.022906,-0.123631,0.096541,0.122771,-0.106998,0.096305,0.105677,-0.008549,0.101820,0.006753,-0.024749,0.101332,
0.023428,-0.121588,0.000517,0.122400,-0.105528,0.001545,0.106037,-0.005764,0.001213,0.006988,-0.022398,0.001134,0.022428,-0.122415,0.098596,0.121388,-0.106468,0.099675,0.105141,-0.007410,0.101590,0.007044,-0.023358,0.101114,
0.023137,-0.121667,0.000731,0.122624,-0.105898,0.001924,0.106142,-0.007561,0.000887,0.007768,-0.022814,0.000153,0.022103,-0.121564,0.099950,0.121293,-0.105510,0.101347,0.105106,-0.006706,0.101142,0.006277,-0.022751,0.099791,
0.023510,-0.122102,0.000631,0.121890,-0.106388,0.001733,0.106478,-0.007953,0.000446,0.007551,-0.023410,0.000212,0.021997,-0.120972,0.100606,0.121116,-0.105169,0.101475,0.105377,-0.006293,0.100140,0.006384,-0.022044,0.099275,
0.022888,-0.121990,0.001055,0.121526,-0.106633,0.001244,0.106250,-0.007577,0.000095,0.007218,-0.023055,0.000268,0.022827,-0.120981,0.100891,0.120998,-0.105541,0.101081,0.105979,-0.006735,0.099759,0.007470,-0.022079,0.100171,
0.022022,-0.121406,0.001002,0.121002,-0.106298,-0.000145,0.106162,-0.007586,-0.000030,0.007260,-0.022645,0.000242,0.023050,-0.120810,0.100745,0.122145,-0.105891,0.099550,0.106725,-0.007540,0.099920,0.007868,-0.022504,0.100297,
0.022027,-0.120502,0.000300,0.120956,-0.106264,0.000047,0.106030,-0.006874,-0.000109,0.007467,-0.022062,0.000730,0.022693,-0.121560,0.099357,0.121694,-0.106907,0.098757,0.106891,-0.007508,0.099797,0.008230,-0.022344,0.100661,
0.021843,-0.120485,0.000524,0.121308,-0.105323,0.000039,0.106472,-0.006450,0.000741,0.007733,-0.020976,0.000595,0.021665,-0.121709,0.097980,0.121267,-0.106999,0.098270,0.106568,-0.008244,0.101018,0.007620,-0.022566,0.100893,
0.021484,-0.119376,0.000045,0.121738,-0.105400,0.000366,0.106496,-0.006045,0.000973,0.007892,-0.020136,0.000010,0.021441,-0.121884,0.096256,0.121324,-0.107496,0.096553,0.105864,-0.008406,0.101320,0.007323,-0.022670,0.100229,
0.021284,-0.119449,-0.000094,0.121542,-0.104598,0.000550,0.106340,-0.005614,0.000061,0.007993,-0.019335,0.000027,0.020899,-0.122122,0.094027,0.121452,-0.107640,0.095253,0.106430,-0.008410,0.100957,0.008146,-0.022616,0.100730,
0.020568,-0.118961,0.000589,0.121904,-0.104511,0.000762,0.106327,-0.004767,-0.000131,0.007719,-0.019115,-0.000002,0.021237,-0.122175,0.092790,0.122689,-0.108014,0.092194,0.107027,-0.008736,0.100825,0.008452,-0.022556,0.100693,
0.020133,-0.118541,0.001556,0.121922,-0.104221,0.000148,0.106184,-0.004085,0.000022,0.007785,-0.018021,0.000140,0.021507,-0.123278,0.090321,0.123432,-0.108394,0.089553,0.107062,-0.009195,0.101095,0.009282,-0.023260,0.101980,
0.019530,-0.117861,0.001216,0.123039,-0.103621,0.000701,0.106109,-0.003371,-0.000107,0.008389,-0.017210,0.000498,0.020906,-0.123815,0.087196,0.124197,-0.109640,0.086425,0.107857,-0.010491,0.101712,0.009781,-0.024110,0.102199,
0.019293,-0.117705,0.000762,0.123443,-0.103099,0.000727,0.106524,-0.002477,-0.000041,0.008600,-0.016140,0.000174,0.020343,-0.124856,0.082777,0.124738,-0.110763,0.082777,0.107953,-0.011901,0.102122,0.010413,-0.025014,0.102103,
0.018836,-0.117059,0.000120,0.124050,-0.102983,0.000278,0.106509,-0.001957,-0.000072,0.008828,-0.014655,0.000201,0.020057,-0.126240,0.078148,0.125296,-0.111793,0.078229,0.107676,-0.013280,0.102128,0.010323,-0.026821,0.102171,
0.018125,-0.116973,-0.000037,0.124647,-0.102423,0.000012,0.106110,-0.000741,0.000020,0.009094,-0.014033,0.000289,0.019109,-0.127411,0.073107,0.126038,-0.113044,0.073438,0.108058,-0.015901,0.102794,0.010859,-0.028736,0.102561,
0.017302,-0.116986,-0.000038,0.124944,-0.102409,-0.000074,0.105874,-0.000063,0.000206,0.009026,-0.012973,0.000473,0.019045,-0.128546,0.068653,0.126952,-0.114060,0.068216,0.108285,-0.017463,0.102690,0.011564,-0.030528,0.102779,
0.016335,-0.116887,0.000346,0.125586,-0.102578,0.000028,0.105636,0.000334,0.000187,0.009021,-0.012525,0.000141,0.018257,-0.129113,0.063801,0.127624,-0.114539,0.063717,0.108550,-0.019029,0.102511,0.012063,-0.032127,0.103057,
0.015682,-0.117198,0.000410,0.126132,-0.102506,0.000017,0.105451,0.001217,0.000182,0.009061,-0.011523,0.000001,0.017309,-0.129526,0.058588,0.127965,-0.115239,0.057925,0.108640,-0.021124,0.102261,0.012076,-0.033223,0.102283,
0.014892,-0.116745,-0.000009,0.126606,-0.102784,-0.000025,0.105392,0.001961,0.000174,0.009174,-0.010165,-0.000044,0.016409,-0.129891,0.052453,0.128289,-0.115462,0.052716,0.108226,-0.022947,0.102160,0.012406,-0.035380,0.102145,
0.014454,-0.116993,-0.000269,0.127385,-0.102414,-0.000187,0.105031,0.002687,0.000029,0.009226,-0.009202,0.000133,0.015366,-0.129758,0.046908,0.128711,-0.115573,0.047306,0.108568,-0.024861,0.101675,0.012406,-0.037075,0.101526,
0.014497,-0.117397,-0.000034,0.127364,-0.101931,-0.000002,0.105068,0.001431,0.000535,0.009725,-0.011202,0.000537,0.017813,-0.131724,0.054216,0.128618,-0.116922,0.053907,0.108904,-0.024542,0.102674,0.012356,-0.036852,0.102225,
0.018122,-0.120047,0.002551,0.126057,-0.104944,0.002620,0.105921,-0.001065,0.002468,0.008428,-0.014855,0.002425,0.018504,-0.131340,0.064576,0.128427,-0.116273,0.064706,0.108028,-0.021239,0.104623,0.012509,-0.034947,0.105148,
0.017745,-0.121152,0.006019,0.127483,-0.105208,0.005920,0.105083,-0.004222,0.002015,0.009610,-0.017919,0.002520,0.020313,-0.132217,0.072698,0.128179,-0.115816,0.072729,0.108039,-0.019123,0.106048,0.011264,-0.033457,0.106017,
0.020388,-0.124662,0.007083,0.126362,-0.107827,0.006767,0.106052,-0.005660,0.003501,0.008973,-0.021291,0.003078,0.020699,-0.131187,0.078993,0.128274,-0.114592,0.078549,0.107754,-0.016413,0.105471,0.010769,-0.031467,0.105543,
0.020695,-0.125131,0.007566,0.126969,-0.107888,0.007634,0.105602,-0.008100,0.000281,0.009386,-0.023539,0.000863,0.022912,-0.131194,0.084511,0.127381,-0.114240,0.084469,0.107012,-0.015524,0.104882,0.010722,-0.031091,0.104902,
0.023084,-0.127728,0.007128,0.126356,-0.110459,0.006783,0.106686,-0.009508,0.000182,0.008410,-0.025979,0.000301,0.022529,-0.130222,0.087374,0.127853,-0.112485,0.087353,0.107203,-0.013459,0.101704,0.009831,-0.030128,0.102358,
